-8.188387930912645052e-01 -2.065607237633519944e-01 0
1.408081837863928709e-01 3.525764466332731439e-01 0
-1.887512925151460519e-02 7.699811545613884922e-01 0
-2.915294211836400695e+00 2.045461577364654282e+00 0
8.319049763556182198e-01 -6.218689080003289016e-01 0
1.568568744493433753e-01 -1.089313613817845861e+00 0
-4.628696004811541642e-01 -5.568609781017939131e-01 0
1.826305343855188779e-01 3.688928052626368470e-01 0
-7.831207778928289676e-02 -5.797554159512663396e-01 0
1.074150639700951926e+00 1.462370669588356042e+00 0
6.658387933114127133e-01 1.486142928598449098e+00 0
-7.244233296349460449e-01 -3.829193670888912937e-01 0
-2.715397572086956646e-01 6.015655776243724606e-01 0
-1.034477193761614178e+00 -2.068031869079566931e+00 0
-5.010714205032871238e-01 -6.544480086542282526e-01 0
1.623994605847926653e+00 -2.186873865126321703e-01 0
-1.724004097403931013e+00 1.593617159152336926e+00 0
3.032564216898323006e-01 -8.721955246621885260e-01 0
-8.714220082730796957e-01 -1.220495292437232093e+00 0
-1.300514454364175787e+00 1.199472788394497336e+00 0
1.273295603321741742e+00 9.960029688851324003e-01 0
7.964801995311073801e-01 -5.008381926473221002e-01 0
8.764398685293117719e-01 5.149775264516841256e-02 0
-1.353922509085412340e+00 1.148232459475236444e+00 0
-9.137591708513250754e-01 2.471027053290636155e-01 0
-1.272181301618044991e+00 4.353918853059085547e-01 0
1.255496500827427031e+00 -2.267257802630790575e+00 0
7.112134802967154945e-01 -1.236911960037602398e+00 0
-5.820854165026748683e-01 3.749401747478219304e-01 0
-1.180901207166336730e+00 9.836721340480395481e-01 0
5.280197959589234546e-01 -1.349109867482922276e+00 0
1.953143769869683632e+00 -8.186716479934791346e-02 0
-9.240091737874632782e-01 -9.413354041773033254e-01 0
-9.260480891633133815e-01 -6.987081328735514907e-01 0
-6.516195614317750184e-01 -1.362460555744973989e-01 0
2.980373770733262262e+00 -7.765007539430291983e-01 0
1.969452308893197834e-01 1.124624082053593765e+00 0
3.038152887970362037e-02 3.207251776546852784e-01 0
-1.201387800701266828e+00 1.611641365349934629e+00 0
-5.967133688389656410e-01 -6.775160283220492685e-01 0
9.205662915345765862e-01 1.307560540473976962e+00 0
-1.765590620701068314e+00 1.950971555972361715e-01 0
-3.680631905665865400e-01 -1.040686530241316632e+00 0
6.149305289098395688e-01 2.366346301925907891e+00 0
1.948053995664718929e+00 -4.935826925689845157e-01 0
5.930803717444742551e-01 -8.143226565629306801e-01 0
-6.172470232368877374e-01 9.990829031767785029e-01 0
-7.560165936406325615e-01 1.799161341966321492e+00 0
-1.605985654989626477e-01 7.535825475219081436e-03 0
-1.550731107885933824e+00 -7.425887969803645072e-01 0
-8.752732091419199723e-01 9.434031090251121521e-01 0
-7.853140314293429736e-01 -4.637142864278930854e-01 0
-6.918014859720565957e-01 -3.998860377554824819e-02 0
4.837075937750738852e-01 1.073751332033019354e-02 0
1.187838579013757112e+00 -8.453525448800949249e-01 0
9.010653875739981222e-01 1.944463600811968396e-01 0
-5.200891388481793109e-01 -9.212378322614848125e-01 0
-9.517029694826548494e-03 -3.775291968676222076e-01 0
-2.975886573889576781e-01 -1.224824454946008778e+00 0
-4.248123773215047860e-01 2.278967679630755416e+00 0
1.703326097262434780e-01 -5.397812210130868010e-02 0
-5.485204363518559889e-01 1.417737682625402895e+00 0
2.035719668515102221e+00 1.614798633256319560e+00 0
9.109977099649300136e-01 -4.977229943198041573e-02 0
2.554137218761731276e+00 -1.347702948536401157e+00 0
1.620797739790512448e+00 -8.991391776737323038e-01 0
5.252703536856796751e-02 1.781793472210962737e+00 0
-4.115207551255515434e-02 9.004754424360562615e-01 0
5.219228592629794328e-01 -8.451271078595155029e-01 0
1.151046179530508917e+00 -2.180799437665732476e+00 0
-7.028364232104484799e-01 -3.790171320868448990e-01 0
-1.266516430553316530e+00 -1.878907388649231125e+00 0
-1.267902070395276803e+00 3.253288636197039785e-01 0
-2.494222445794295195e-01 4.395899382601364258e-01 0
1.255480397999155340e+00 5.698024896166045128e-01 0
-2.273602189754302394e+00 -3.882398413604450926e-01 0
-9.456053429258161058e-01 4.772141127267368055e-01 0
-1.788633797599185726e+00 -4.280684828008762821e-02 0
-5.393835610589531315e-01 1.521784345580311504e-01 0
1.179038116750253273e+00 -6.809959262845481920e-01 0
6.384496025176267242e-01 5.133000295175209615e-01 0
2.423324775434950173e-01 -4.339919072577114179e-01 0
-7.714989450806677418e-01 7.156179056246905201e-01 0
-4.721200964935353683e-01 -5.652833270472643612e-01 0
-5.074820483741806498e-01 9.644617978276911474e-01 0
9.917943906762156925e-02 -3.105083843794615439e-01 0
5.531611793396039589e-01 -1.173760623828299376e+00 0
6.111190622688971175e-01 8.385928236736799046e-02 0
3.601235099524270900e-01 -7.309992066244253017e-01 0
-9.532641851313272685e-01 3.623829302414006692e-01 0
-2.552881962711323283e+00 -7.412297774860442390e-01 0
2.921125465614171895e-03 1.306170499106980853e-01 0
6.069475874747239930e-01 -6.109003247671934700e-01 0
9.985614252092486209e-01 -6.226856309854852389e-01 0
2.255702274056447798e-01 -1.581361039878027341e+00 0
-8.571736097471999161e-01 1.026364583691347088e+00 0
1.264354789977094606e+00 2.986221747604180798e-01 0
-4.271269553769613814e-01 5.867144251133369348e-01 0
1.193402099184422749e+00 2.409658140941523530e-01 0
-1.035085570228003293e+00 1.280997159622229375e+00 0
6.891309392234050701e-01 1.479498184978985442e+00 0
3.681165218946356732e-01 -1.586852525039234907e+00 0
-2.190720891941824733e-01 5.629598980323854418e-01 0
-2.314977689718395459e-01 1.331239993710755243e-01 0
-4.448518191522927157e-01 -5.619815954498732502e-01 0
-6.497605939194285307e-01 8.866095956359097696e-02 0
4.724662953867075355e-01 1.102471167450874479e+00 0
-2.324826780934082793e-01 -3.061691210885306158e-01 0
5.823147850968916073e-01 1.802174006449462018e+00 0
1.173949264267844628e+00 4.016811966251275234e-01 0
7.325073806562122369e-01 7.050286249345864842e-02 0
1.886391380311383648e+00 2.648143620264192255e-01 0
-1.145453426085488169e-01 2.444696485545782838e-01 0
-4.604408492756006388e-01 5.262936927374070040e-01 0
-1.644154369090988999e+00 -1.094496302969070606e-01 0
1.206715323043477506e+00 -1.076602297878021419e+00 0
1.981621122216963016e-01 -2.828253294009038243e-01 0
-3.085194236252982947e+00 -1.722800158216740707e+00 0
2.179308471088809540e+00 -1.506354719600797143e+00 0
-1.104279652391248590e+00 1.135488846547179298e+00 0
1.111684286678476630e+00 7.032292563006646846e-01 0
3.057539856951544191e-02 -1.614470050990164163e+00 0
-1.220785846451611922e+00 -1.237901697092892439e+00 0
-1.048762802364273439e+00 5.539370426793394087e-01 0
-2.867619132826833561e-01 3.360005621405537379e-01 0
-5.945001872206172600e-01 1.183856713562579488e+00 0
5.107926432854728027e-01 -4.274277337341113037e-01 0
-1.183849260429954864e+00 -8.998393954010056595e-01 0
8.888371566755164377e-01 7.919995179827514775e-01 0
-1.854975898068081941e-01 8.798987753991187599e-01 0
2.305759682831524326e+00 -6.827837420976682337e-01 0
1.340507669835251825e+00 -4.750407822886954512e-01 0
-1.367453379940908764e+00 -1.534044005718200598e-01 0
7.553566167155257860e-01 -1.248371746923609554e-01 0
-3.571311556846560875e-01 -4.839404085148480972e-01 0
1.040917979445783459e+00 2.832625977902676895e-01 0
4.744089817329573411e-02 -1.068826933464826490e-01 0
1.643035792479637491e+00 -4.429063924192132018e-01 0
4.300393415595266805e-02 -1.817712959897327396e-01 0
5.583302941174965728e-01 -2.853998630367733380e-01 0
1.228230294948296608e+00 6.254104614956770281e-01 0
3.901890541246966770e-01 -1.005750823819381509e-02 0
1.436360748233583839e+00 6.486259093870536119e-02 0
-2.193866883499026033e-01 1.533679552192534601e+00 0
-1.532292411087959216e+00 1.178054862749846166e+00 0
9.403636004778394009e-01 3.170189928231799403e-02 0
-6.963061309415321531e-01 -1.538876438468852026e+00 0
-1.049762956484675991e+00 -1.091773405158309451e+00 0
-1.223072604411846287e+00 1.023556207806238794e+00 0
-5.354038642139602455e-01 -5.695023843382941431e-01 0
-6.741463527535678235e-01 4.375744097361964347e-01 0
-1.371850059430805180e+00 5.303212230060168064e-01 0
1.939622324893421346e-01 -2.065883311747841677e+00 0
3.447095569791305825e-02 4.057895500719359561e-01 0
-4.976853713011870628e-01 -6.076455329294928598e-01 0
3.266783957616839484e-01 -1.197300232783795826e+00 0
1.237484678299950236e+00 -1.131297789643711305e+00 0
-9.856412826250025849e-02 4.237924835393826473e-01 0
1.713514135527069326e+00 -1.156164416248007587e+00 0
9.853860485257901480e-01 6.243292636015214114e-01 0
-1.092295811056816168e+00 7.041427081268604171e-01 0
2.939073264070069316e-02 6.045396423689667342e-01 0
-1.981960859375096473e-01 3.214008033314378898e-01 0
-1.716504457446246690e+00 -2.701763769974351970e+00 0
1.407549015935436909e+00 -2.413128817111178936e-01 0
-5.697545737937123045e-01 -2.008652300969076432e+00 0
-3.371056738126386176e-01 -1.344441590441657619e-01 0
2.032523780493947552e+00 -8.547466112434127794e-01 0
3.846317013716476496e-01 -1.140318504721482107e+00 0
-1.360713120516157115e-01 1.709227552259271754e-01 0
4.097319608226613341e-01 5.040753768436156967e-01 0
3.628931728254293221e-01 -1.294280918176231809e+00 0
6.966844465224565353e-01 -3.920667336366366884e-01 0
-1.190863372760836425e+00 -1.038935228949173117e+00 0
-6.208621929349156243e-01 1.533104886759747210e+00 0
-1.150516128169086549e+00 1.349692484260632375e+00 0
2.311943904384451687e-01 9.875387554360298692e-01 0
1.097095933785152688e-01 4.126606764101025671e-01 0
-7.761367866027328866e-01 -2.615672357253175373e-01 0
2.268884600796295115e-01 -4.167650518695700801e-01 0
-7.527000408912410956e-01 -5.740034589015555744e-01 0
-8.198415653968189609e-01 -9.119558678358945514e-01 0
-1.235677444561086746e+00 9.138549145656281736e-01 0
-7.348955442693759776e-01 -6.696497308369159240e-01 0
-1.385622202224795263e+00 -1.036171661552468537e+00 0
-1.770386175630510872e-01 -9.315430557275276857e-02 0
-6.396075212601390891e-01 2.065186248999291707e-01 0
5.699245785959958788e-01 -2.916147422041225346e-01 0
7.118858875787940077e-01 1.016068991859618020e-01 0
1.015359015736362114e+00 1.378220317991236010e+00 0
5.412997184034488152e-01 3.505810381809364162e-02 0
2.649659280948764017e+00 -7.200936492186493787e-01 0
-1.290417476477141223e+00 -3.875965258759619947e-01 0
-1.328776116119899875e+00 2.758857578851602321e-01 0
1.800221723760568437e+00 1.207835645961777615e+00 0
2.041135618909389660e+00 2.265163764873649122e+00 0
-5.988824852584395675e-01 3.476097654397162229e-01 0
5.361195892991259537e-01 -9.061733320956184556e-01 0
1.818186165159282552e+00 9.254015833675316438e-01 0
8.607996709809339064e-01 -5.402956721750240554e-01 0
4.437064892569150487e+00 -1.484670645376983400e-01 1
4.369263291359857249e+00 -1.021915409963548571e+00 1
5.371686656908241986e+00 -5.402865119787351178e-01 1
6.488558796191023603e+00 6.071203559448621334e-01 1
5.248409127860771406e+00 1.617526307952758202e+00 1
5.697843057748048778e+00 1.006098659964716369e+00 1
4.300058515332713327e+00 -1.968612457508416291e+00 1
5.344493614099040002e+00 4.947933603115060031e-01 1
5.881465261644586384e+00 1.269579244247788230e+00 1
5.308833704661774178e+00 -1.820420656265897108e+00 1
4.271773026838404874e+00 1.325398869822414172e+00 1
6.760600491701032944e+00 7.267348221297125210e-01 1
5.064379424944316810e+00 -1.692981119069873475e-01 1
4.509897288423219130e+00 6.231398422875679133e-01 1
5.589923338722993407e+00 7.206532178085813811e-01 1
5.936149139906627070e+00 7.675274897175687894e-02 1
4.601320357650725335e+00 1.477388132673955745e+00 1
3.733632906832901277e+00 -4.066393478361049474e-02 1
5.481922023518736253e+00 -7.173112780384710563e-01 1
3.860823830026551384e+00 2.964166448792924236e-01 1
5.130388564070398338e+00 -4.538503266476056480e-02 1
5.249942333793930160e+00 -3.519463137980802236e-01 1
5.139361087826904040e+00 1.780538236087698900e+00 1
3.951557075054612511e+00 -8.848396355490677212e-02 1
5.279755903930282379e+00 9.477311801651943091e-01 1
5.823742769918471396e+00 2.804261654159811989e-01 1
4.138183096295125374e+00 2.367502493296853305e-01 1
3.593588190832027962e+00 3.445809949399722516e+00 1
5.670877071803031022e+00 -4.006932649749659348e-01 1
5.738791861010187567e+00 4.153424049098071724e-01 1
6.790654083617832626e+00 1.495926804837708124e+00 1
3.805251273418241098e+00 -5.482886523308404536e-01 1
4.224380120692508456e+00 1.257768551467622009e+00 1
5.921063856850857121e+00 9.329023511810372038e-02 1
4.514480631334286009e+00 -1.752771828063279358e+00 1
4.925770038514357907e+00 -1.060599230601620563e-01 1
3.683539659164771329e+00 3.482392002639990713e-01 1
5.132788732140387111e+00 -1.253681079652874342e+00 1
5.331718927001140251e+00 -9.556438515292456914e-01 1
5.992569093468627983e+00 1.037020264270576586e+00 1
4.462068361190901555e+00 -1.450206227707905970e+00 1
3.679103991958628583e+00 8.659506221769582845e-01 1
4.620019111032808823e+00 -2.399634102494823396e-01 1
5.483065611284972718e+00 -5.131979861279505756e-02 1
2.454045234677919129e+00 5.971385984974113964e-02 1
5.695474002800727575e+00 4.484475235166592300e-01 1
5.922644221852945812e+00 -2.276554556828973563e+00 1
4.679271399931997699e+00 1.362858467126398576e+00 1
4.999173844431243019e+00 1.879822067034635058e+00 1
4.823708198372422373e+00 -3.612790773503812836e-01 1
5.584081209045987926e+00 1.574037392270044855e-01 1
7.240869589962676045e+00 -9.858770392440954766e-02 1
5.732945545871118043e+00 -9.148919618866589998e-01 1
4.614659981398920863e+00 4.165339271549608480e-01 1
4.580359172464410378e+00 6.545077052347419988e-01 1
1.078445979317188996e+00 4.354951262224933672e-01 1
4.166517285968922124e+00 2.742936350989579053e-03 1
4.747954087863583084e+00 -1.169570642558475759e+00 1
6.059881496011191970e+00 1.580368363070802751e+00 1
5.462323147602020867e+00 -1.063417843815672947e+00 1
4.037399832083907292e+00 2.821951549477776933e-01 1
5.080273464224674740e+00 -2.380041838848006019e+00 1
4.956684291927299313e+00 4.151231246387968032e-01 1
5.489249048712442125e+00 4.166304023186821470e-01 1
4.827219209813765843e+00 -2.458549308296000380e+00 1
5.941196136712779463e+00 -6.826909726987134830e-01 1
5.848957221655481931e+00 9.225151323856469743e-01 1
5.057751195610133088e+00 9.293535945310216206e-02 1
3.190402428061640983e+00 -8.660152168627327507e-01 1
4.521947839888333043e+00 -2.041134684181781456e+00 1
5.928925050322060741e+00 -1.356739305501277304e+00 1
4.202865497114640192e+00 -9.993280559972903543e-01 1
4.651642971608776378e+00 1.812613175884544070e+00 1
5.267713769629930987e+00 1.249130682514655727e-01 1
6.441466118306573563e+00 4.398897780318588024e-01 1
4.200871875247690568e+00 -1.431532142444833067e+00 1
2.423923210174140586e+00 -1.321617705536045073e-01 1
6.206621119746837500e+00 4.970934121729547184e-01 1
4.284531211735883360e+00 3.880556657451866842e-01 1
7.664107593424819953e+00 2.128448327121024164e+00 1
4.630029464225196456e+00 1.250803128314061374e-01 1
5.409960865712193367e+00 1.151610039643919281e+00 1
5.844846676996700907e+00 -1.917002140899770890e-01 1
5.744317870424717754e+00 -6.515536121778271739e-02 1
5.896285834138237369e+00 2.484442745844056555e-01 1
5.866906773276223674e+00 6.228535886541571726e-02 1
3.993336318266046181e+00 -2.749066549279443605e-01 1
4.851244057917473818e+00 8.879749587802819866e-01 1
6.483294963549919743e+00 1.026278910124301502e+00 1
6.134360660541061883e+00 -9.461610681441516568e-02 1
5.454402748280814173e+00 -8.323984858347330817e-01 1
3.861825597142975575e+00 5.706016217038004656e-01 1
5.090569535732659467e+00 3.550994384402041404e-01 1
5.135780671651594353e+00 -1.314324690568767218e-01 1
6.490092090304713679e+00 -7.115507174122096545e-01 1
3.965466026863613713e+00 1.151567474081021780e+00 1
3.050090109348201572e+00 -8.662295334250276202e-01 1
4.589460919427196472e+00 3.965855280414045114e-01 1
3.774699828259409529e+00 -1.048336722495604612e+00 1
4.079276085898355220e+00 -3.611613436131948518e-01 1
5.517875895642136541e+00 -6.343630127181565381e-01 1
5.225203646762531129e+00 2.108822587267612236e-01 1
4.733711051303799877e+00 -7.923091097178562858e-01 1
3.405495472779075605e+00 9.430270774895774810e-01 1
5.431411759204329393e+00 -1.619053078209506946e-01 1
4.383898725648923467e+00 -8.038232298100409512e-01 1
5.788491560023951266e+00 7.982541994102925198e-01 1
4.525740088661151184e+00 1.317676119612311014e+00 1
4.186421585670130341e+00 9.931962174206548921e-01 1
5.320578971313281613e+00 1.734406351211327246e+00 1
4.262908735058871024e+00 -4.814864586269139157e-01 1
5.259722583422937525e+00 6.581185822313000491e-03 1
3.773082743412500051e+00 2.091777535708933544e-01 1
4.592449321042126442e+00 7.993744080062020751e-01 1
5.281548284314816044e+00 -8.822429050997186994e-01 1
4.463849973718469144e+00 9.140368531401088514e-01 1
5.831917505138902058e+00 2.037795371306323045e+00 1
4.501488204109599600e+00 9.565567684551379291e-01 1
3.196741414459994601e+00 9.809002791726011417e-01 1
5.599847732590099270e+00 1.012013654810955066e+00 1
4.672760651519303643e+00 -1.028555151336354445e+00 1
6.197802707749955786e+00 5.516839031040172703e-01 1
6.253864116722844813e+00 -5.446150595913963333e-01 1
4.400263660064685389e+00 -7.797869926382064998e-01 1
4.777842787545659498e+00 -1.104806644208968569e+00 1
3.965285453441085295e+00 2.237563532326529714e+00 1
5.338107149975941823e+00 -3.495418310300209552e-01 1
5.530542233704236921e+00 -2.066791060301394367e+00 1
4.407798663898661040e+00 1.194813594598189838e-01 1
6.189157389340611104e+00 -5.890238008877058951e-01 1
3.724808896355163768e+00 -4.626255496150865620e-01 1
5.965957640061222200e+00 -1.422788448350355006e+00 1
3.489535958160926210e+00 1.730433162911916845e-01 1
3.621665117065901551e+00 3.915829233795794506e-01 1
3.963693104644320009e+00 -9.318473121919218505e-01 1
3.816618463895125934e+00 -5.236343490997018568e-01 1
5.660130941742335331e+00 1.787572012106223074e+00 1
4.541081514724655932e+00 -2.563402485440873235e+00 1
4.567986725321341090e+00 1.027217711344128093e+00 1
1.938971059606973579e+00 1.641376755276084121e-01 1
4.445889513949058625e+00 6.510774374896912686e-01 1
3.629210426214901197e+00 1.826577795099905588e+00 1
5.442020592170402793e+00 7.051763201676304327e-01 1
6.806094065661619119e+00 -1.040139381727883450e+00 1
4.894026026127197504e+00 -7.607777719553536766e-01 1
6.139738564099777918e+00 -6.931242915252493475e-01 1
6.638467810649617107e+00 -5.300761608506245892e-01 1
5.429997697864143547e+00 7.368240388191410473e-01 1
4.206446446623444579e+00 -1.747045747657550718e-01 1
4.059144332252929921e+00 4.200409513104990111e-01 1
3.636535971793081856e+00 -1.058824235587720208e+00 1
3.648570303841662366e+00 1.694713988522567716e+00 1
4.449085507154347141e+00 5.613265760640084867e-01 1
4.223987633473083925e+00 5.109265783007663764e-01 1
6.050348874598735271e+00 -5.972100120103813747e-01 1
5.933138894242192762e+00 -4.567900266045951119e-01 1
6.312142768751122901e+00 -2.619513409709444129e-01 1
4.360020785112075359e+00 -2.224388417905829751e+00 1
4.793573018338936009e+00 -3.030587584834654874e-02 1
5.291312301373328530e+00 -1.146150627694338509e+00 1
3.063197640202982797e+00 -4.102325570926102505e-01 1
4.839591904730706773e+00 2.593570186865280514e-01 1
3.785431911021378326e+00 1.572106900768091231e+00 1
4.930241738161985410e+00 2.613927114093981707e+00 1
4.844588030650269772e+00 4.955952694837238715e-02 1
4.043322271722064265e+00 3.259244377088013622e-02 1
5.758705366076338983e+00 -2.807408173718092814e-01 1
4.657179618290589573e+00 9.889868832629171713e-01 1
4.038085739844387234e+00 -1.235595531214144449e+00 1
4.314635054497873767e+00 9.960928406843434502e-01 1
5.192976034239272565e+00 1.102762063270210868e+00 1
4.886485766384025098e+00 6.170418597229068158e-01 1
5.175583949018665919e+00 -2.043118311259589370e-01 1
4.930375894709439599e+00 4.284980950540926425e-01 1
5.037371616764380278e+00 1.200898294998334614e-01 1
3.846017260581983344e+00 2.062071831667812438e-01 1
3.264536063306038294e+00 9.238241928012282944e-01 1
4.603041702504794941e+00 -3.898082148331701857e-01 1
5.804116908695828414e+00 3.699161601149821843e-01 1
6.116525676545734314e+00 -8.620772122933151316e-01 1
4.214883852928314134e+00 9.985068184008176750e-01 1
5.303651187812272738e+00 -1.320001420583941099e-02 1
4.235284240685565749e+00 2.140500734484228063e-01 1
4.947168326585011933e+00 2.547712896387019366e-01 1
4.375120566518797993e+00 -3.541953126668485191e-02 1
5.678667150825816634e+00 5.034418098985656842e-01 1
3.901735600783175606e+00 -1.076931051756677915e+00 1
5.421240742506235222e+00 7.475788202096265156e-01 1
6.064574964188479633e+00 6.844115084713557791e-03 1
6.029868435167466956e+00 -9.287625426012088847e-02 1
6.376695766367184603e+00 3.741608267684140010e-01 1
5.809040603654620938e+00 4.542110471967623075e-01 1
5.123410262691931116e+00 -3.588045116537608714e-01 1
4.713534614794417266e+00 1.917173692180649258e-01 1
3.890878653229061790e+00 6.283327594518652859e-01 1
3.785931098267765194e+00 8.107427580424682034e-01 1
4.570564135127624716e+00 9.356377198637304549e-01 1
5.909401501386620126e+00 6.588327095605482908e-01 1
5.238140908624833614e+00 -9.038291723704069414e-01 1
4.994559776164290810e+00 2.337150866279195771e+00 1
4.783591395488090647e+00 5.005029232156294583e+00 2
3.628936535333014746e+00 2.583263992621663618e+00 2
5.370820154141115133e+00 5.812913759388686152e+00 2
3.533661705668475150e+00 5.312113018654142316e+00 2
6.168158658264092153e+00 6.456026486603266612e+00 2
5.562840202732570738e+00 3.643193135782419212e+00 2
3.670212367459507963e+00 5.410913667471581867e+00 2
4.754560562222165387e+00 4.237735389274733144e+00 2
6.846450285160052829e+00 4.800323133691586364e+00 2
3.635200511455399131e+00 5.184660473983302431e+00 2
6.056349014914456319e+00 4.878393178643653627e+00 2
2.579658948133233043e+00 4.113052612038705647e+00 2
5.499084128536823712e+00 4.985860353767738395e+00 2
4.501415812740692246e+00 4.921328181493838549e+00 2
4.418526093355785278e+00 4.608938119517505427e+00 2
5.514067569516890366e+00 3.129875547932736701e+00 2
5.218886196868904648e+00 3.360754232674714181e+00 2
3.971726986413061766e+00 4.064555664325717466e+00 2
5.219130803891030901e+00 4.099107765025848948e+00 2
4.330342326018279842e+00 5.131255011877761341e+00 2
5.297057944069878843e+00 4.601974956542774997e+00 2
2.555935765505385593e+00 7.167146726905732734e+00 2
4.199601456586979253e+00 4.166516754973050851e+00 2
2.367186666269130768e+00 3.639235570800924968e+00 2
5.279037072967228461e+00 5.291105102804891658e+00 2
4.922898260268847359e+00 6.003076690106386337e+00 2
6.578692295390528244e+00 4.870630155358547597e+00 2
4.204187579793226881e+00 5.196273291094882119e+00 2
5.943223258754089855e+00 5.477091536946403494e+00 2
4.636166692687881508e+00 5.926657565311611364e+00 2
5.500564442167834578e+00 3.431285397653934588e+00 2
4.574750754383035023e+00 5.537088232779392882e+00 2
5.179788958290830969e+00 6.832188940268165922e+00 2
4.571510934371140422e+00 3.999969602680915060e+00 2
5.058730187925124966e+00 4.118823902524750835e+00 2
4.825887637192970203e+00 5.803970482150392129e+00 2
4.787927514126092632e+00 5.202348981572735731e+00 2
4.574064047022288193e+00 3.872560349216803477e+00 2
4.872818077513245250e+00 4.504644984481243064e+00 2
4.328017934100548025e+00 4.621935272867137456e+00 2
6.086378493113532073e+00 3.694621279155187121e+00 2
4.408347278304786343e+00 3.613084534605810028e+00 2
4.466058646170807833e+00 5.025217850988681789e+00 2
4.662364397355464263e+00 7.451554215117483615e+00 2
6.628519833384455495e+00 5.860486723544882537e+00 2
3.107529727002182440e+00 5.274753934615490358e+00 2
5.881388048216054543e+00 4.581191083551508392e+00 2
4.989488034071047906e+00 4.813552202604893360e+00 2
5.505660645269146336e+00 5.008319538158714224e+00 2
5.335607005625079502e+00 6.022241306584617426e+00 2
5.703811395497050185e+00 6.116939246105289385e+00 2
4.665002201450089814e+00 3.310582390618772131e+00 2
3.178580830288806780e+00 3.885574116871186146e+00 2
4.424968904170467177e+00 4.454542786157393408e+00 2
5.514560062718601330e+00 5.256328458638678924e+00 2
3.909973865834792228e+00 2.407881266955620436e+00 2
4.871474147086948037e+00 4.219232432653942766e+00 2
3.834412640141007689e+00 5.627134111262345861e+00 2
5.526271991116447069e+00 5.095530734046092469e+00 2
5.696559296308508991e+00 4.914433128373373094e+00 2
4.367225061083482629e+00 5.722797503033132394e+00 2
6.239954665141977941e+00 6.403947599361468512e+00 2
5.905045254089157147e+00 5.660768066805291099e+00 2
5.538132455082577899e+00 6.623888364768907522e+00 2
3.760964313349676402e+00 5.435385804439428981e+00 2
6.689628635347105501e+00 6.024649506379298636e+00 2
5.938614940171052403e+00 5.680191199536692714e+00 2
4.613768685331612218e+00 4.253959375703765922e+00 2
5.343798162917723360e+00 4.764377919502735814e+00 2
4.519866590773251147e+00 5.151327470794719865e+00 2
2.303029984004332231e+00 4.678781215893752510e+00 2
5.353374033240743124e+00 4.700624222608993819e+00 2
5.077318861735226285e+00 4.233703991471448269e+00 2
6.030440209275885088e+00 4.206829373439394892e+00 2
5.596314657232907663e+00 5.752504704168583949e+00 2
5.193560890809233221e+00 5.708627655733432782e+00 2
4.245186186218476543e+00 4.107196165104669561e+00 2
5.903040193962480586e+00 5.513674487141279279e+00 2
5.660407744961919008e+00 6.900216206609933955e+00 2
4.744945185944930088e+00 4.966952980936868656e+00 2
6.819600214128026749e+00 4.894864239638891945e+00 2
4.757659750116419062e+00 7.320992730378405255e+00 2
6.346199504997161789e+00 5.381811588872720264e+00 2
4.379742098217011659e+00 3.131113928035241134e+00 2
4.337610118869868359e+00 6.104346292397470286e+00 2
3.016294970943840248e+00 4.738493596114809137e+00 2
4.496418767980219222e+00 4.167475949290400550e+00 2
3.145742125218415897e+00 4.818913685503638078e+00 2
5.703977676169872169e+00 5.463577453778542647e+00 2
3.203298541058896554e+00 4.870166787343809034e+00 2
5.552743236921799053e+00 5.077156284013920384e+00 2
3.210542865879931984e+00 5.223811778201863376e+00 2
4.036744864382726838e+00 5.328839092565790025e+00 2
5.219062331777378994e+00 6.443730665842301697e+00 2
5.549822911614562315e+00 5.325118681309798596e+00 2
4.478593003509681481e+00 4.437866976125269147e+00 2
5.503196861383984562e+00 4.044129961418576613e+00 2
3.411655368159417279e+00 4.836063491099442224e+00 2
5.959592806341841964e+00 4.798370051304551076e+00 2
2.673609034959883335e+00 5.792204210760763416e+00 2
5.022828605031613769e+00 4.820116621775921928e+00 2
3.565907095057955001e+00 6.385139198517291170e+00 2
6.329554136550483712e+00 4.804635215579864393e+00 2
5.006391985746192930e+00 4.437246897039519133e+00 2
3.873422959723525238e+00 4.928625392540314287e+00 2
6.316821215812958634e+00 4.189162035535231254e+00 2
4.813694525295469262e+00 5.151637445126116432e+00 2
4.264914342262004610e+00 4.338018458299927715e+00 2
4.262187422986012386e+00 3.600861733152024069e+00 2
2.797223413301884509e+00 5.568006525185172251e+00 2
4.511911812841008285e+00 3.086861126773097208e+00 2
4.676997654168965290e+00 5.985144094448411778e+00 2
5.140531168626234937e+00 3.668305259428696896e+00 2
4.275261052023422437e+00 6.108319034821329652e+00 2
5.318670913178928927e+00 6.131809427535566570e+00 2
3.982632988298047572e+00 4.587520376574214076e+00 2
2.645532229690514825e+00 5.151014507651666463e+00 2
4.210855115444655183e+00 4.691690932998388242e+00 2
5.485237637687141898e+00 5.504207633645020081e+00 2
4.759303489325686698e+00 5.197510831063954839e+00 2
5.147912249166838983e+00 5.677691887426193240e+00 2
4.245516131453602071e+00 5.565082240195051710e+00 2
6.415834352262827167e+00 5.081837580197158033e+00 2
3.289133297462945027e+00 5.121052422641061419e+00 2
4.421105261807666054e+00 4.627028624088884712e+00 2
5.215481269736486958e+00 4.633676136184999628e+00 2
5.587868485266478835e+00 4.519486675268362674e+00 2
6.076730142075598806e+00 4.286589460556645470e+00 2
3.536999740675158321e+00 4.865050101953785067e+00 2
6.291981010555986131e+00 6.114790822708844331e+00 2
4.522692203065730610e+00 5.983197154504036774e+00 2
6.390113568794745902e+00 2.337985225725504268e+00 2
3.911859876590888963e+00 5.723824591870265266e+00 2
4.161372362800983993e+00 4.855117333084996822e+00 2
5.241714570570700005e+00 4.894414710360669218e+00 2
6.879206281135960666e+00 6.447017275961920646e+00 2
4.578807313668709078e+00 3.984410155530806463e+00 2
5.466642738991009054e+00 6.403034989760717721e+00 2
4.357912497619496506e+00 5.943072382580824708e+00 2
7.690483612928540325e+00 5.988829518372166483e+00 2
5.280424946720231993e+00 6.929840096839166463e+00 2
6.033849348172635629e+00 5.744699004397914699e+00 2
2.923294828174357374e+00 4.883394860376283120e+00 2
4.875341043238298866e+00 5.037008698362999581e+00 2
5.771266076247483667e+00 5.484813781210680084e+00 2
5.606550905681257468e+00 4.131466693216082398e+00 2
4.252871986839333651e+00 2.931525176448336101e+00 2
4.651138722570851591e+00 4.724264831612380533e+00 2
4.727980634288365458e+00 3.381524953457279992e+00 2
5.330018755647508932e+00 4.741121510113139870e+00 2
5.062870458293242670e+00 5.362461765542249736e+00 2
4.835887389760939570e+00 2.144427256756032296e+00 2
4.663407899711637938e+00 5.139206235981939486e+00 2
4.759462203107792000e+00 6.128327321930296279e+00 2
3.427348172386095015e+00 5.417186726272139374e+00 2
7.128034441119249109e+00 5.997243372534832417e+00 2
4.957653165528333794e+00 5.433076009976557152e+00 2
7.169730261312608377e+00 4.891890823084324325e+00 2
5.443444951817852484e+00 4.641476239353416133e+00 2
5.359014145600155210e+00 4.465459405625366252e+00 2
3.662619713441020330e+00 3.755529789548386344e+00 2
5.386170415860200400e+00 2.926533727290274722e+00 2
4.669558950942974462e+00 5.875164031662762909e+00 2
5.381707072230729416e+00 4.943556686904106989e+00 2
5.370595115256909580e+00 5.404649610663192938e+00 2
7.096717933935048350e+00 5.145042699984791135e+00 2
6.163287710335399794e+00 4.199428872936435297e+00 2
5.791608293886730152e+00 5.649747225425334030e+00 2
4.275924428085829732e+00 4.647318696557850792e+00 2
5.859303447077297555e+00 5.497470888179035953e+00 2
3.969514607500544745e+00 2.318376744590074701e+00 2
4.212939767888101983e+00 4.821256922711436133e+00 2
7.006918902676464000e+00 7.095729456505702970e+00 2
5.214066616174884317e+00 4.009876706297009541e+00 2
4.136176777068898858e+00 4.507989839425759371e+00 2
4.455962503481997850e+00 5.341174965410242059e+00 2
4.963718226552231272e+00 5.437778024289939616e+00 2
5.009496001855105796e+00 7.218727650969618992e+00 2
4.561376627882943069e+00 6.411152108828452434e+00 2
5.336071071565705815e+00 4.662513091740680515e+00 2
6.424845446782008196e+00 4.256267188051449324e+00 2
3.179076591683709374e+00 4.495900534133216553e+00 2
4.115450918751756504e+00 4.480274746892550120e+00 2
5.792001128842896307e+00 4.943070489571559811e+00 2
5.015169026652472439e+00 5.436178067507425382e+00 2
5.372547032601873163e+00 5.424232627917436211e+00 2
5.692951849381473473e+00 4.827344760971606696e+00 2
4.451792257109230100e+00 7.455501076301457530e+00 2
5.694550062119981604e+00 4.306194766047543254e+00 2
4.212866571245301728e+00 6.380927862204363699e+00 2
5.477317316124077351e+00 4.164860271770296052e+00 2
4.397319363511604351e+00 7.061663951462903377e+00 2
6.269423493747046550e+00 4.986172980574428593e+00 2
4.508026046523109898e+00 5.682000120215909611e+00 2
3.944912014901186037e+00 6.472487540696113761e+00 2
7.158247004594057827e+00 3.312462716612194047e+00 2
5.814566155750735099e+00 5.670462162413565821e+00 2
4.916180286578209824e+00 5.318931313571694908e+00 2
4.058826498279304751e+00 7.228646271026098802e+00 2
4.321133817632352603e+00 4.771702027740190033e+00 2
3.416126453338582114e-01 5.864546157100986257e+00 3
2.155686155665112458e-01 4.701420443377816838e+00 3
-4.835178308919513834e-01 5.815823711264314966e+00 3
-3.410204877239086385e-01 3.962982415718147244e+00 3
7.944109370497081102e-01 4.621608239403991902e+00 3
-1.742881550398185930e-01 6.190892907322606220e+00 3
-1.270796325530523241e+00 5.944584227508187269e+00 3
-1.510235692345531122e+00 4.768914825195463614e+00 3
-3.947434345383915022e-01 6.880182497915320106e+00 3
2.260446114636673443e+00 4.981906626660116189e+00 3
-9.226692183238823786e-01 4.457697538633966339e+00 3
-3.129799391332179215e-01 4.298261607836709075e+00 3
4.292452773338479854e-01 4.146606372864422241e+00 3
-4.168871366455762506e-01 4.084631619657903556e+00 3
3.128021195043962699e+00 3.095171968667130180e+00 3
-4.271395630350524053e-01 5.747883241802126619e+00 3
-9.290215076371503011e-01 5.756499032330048671e+00 3
6.659580562776903911e-02 5.080057873079015351e+00 3
-2.311867024578185825e-01 3.434522592611208403e+00 3
3.359455009136829706e-01 5.747745674382571224e+00 3
1.393162604143063588e+00 5.184984707293788908e+00 3
1.176516807969792966e-01 5.066763902581732815e+00 3
1.624439803085392375e+00 4.141124613059760762e+00 3
2.297635876967965007e-01 4.198685598415783815e+00 3
-1.129375078305274727e+00 4.365260550940702977e+00 3
1.050540888780721493e+00 5.723530931479513306e+00 3
-9.960390771649011432e-01 4.415899485142676717e+00 3
-2.775003836261339396e-01 4.451019048579802018e+00 3
-1.490557402495774841e+00 3.725774283108868268e+00 3
-3.099779131737760984e-01 4.154614657022169588e+00 3
2.539457199893262462e+00 3.087692364876942985e+00 3
-1.345575507189137321e-01 5.152605616138329125e+00 3
-9.614387707646091519e-01 4.910219620752019232e+00 3
1.372896187667965506e+00 4.708627498090683261e+00 3
-6.093472471456365946e-01 4.815660271632350664e+00 3
-1.975492746147347489e+00 4.715064596250693185e+00 3
1.981623444854862248e-01 3.492249641760132306e+00 3
-3.691486788010173714e-01 5.953112398730056043e+00 3
-9.562726023039397338e-01 5.964010966400268288e+00 3
-4.421392643465568706e-01 5.030425830739741144e+00 3
1.297649473114934615e-01 4.591894448049376187e+00 3
-2.127117539735704277e+00 3.963562023589465966e+00 3
-6.419790069496917884e-01 5.847702365411319825e+00 3
1.816205991062580238e-01 5.585566968816368494e+00 3
-9.081994757149715047e-01 5.153682789273783982e+00 3
-1.016151423161556044e+00 5.270784573182157651e+00 3
3.057295277093958763e-01 5.888710426989995028e+00 3
-7.492399179700599543e-01 5.576950069569767798e+00 3
3.367556592158215678e-01 7.411534999368701193e+00 3
-3.165795872411693579e-01 6.134687596457149894e+00 3
-3.008916353475600269e-01 3.864111806316008924e+00 3
1.111671702912150561e+00 4.419277491879983977e+00 3
-1.217310064435962458e-01 5.398069091026689748e+00 3
-7.704723750573290175e-01 5.000044457016911359e+00 3
5.527085054803689834e-01 4.998597760484929431e+00 3
-1.855974874150370379e-01 5.092114483910233247e+00 3
-3.206039977229681037e-01 5.053778430812771560e+00 3
3.814107216808591549e-01 6.109224806859527845e+00 3
1.624602962454448074e-01 3.711795279879067877e+00 3
2.289894459608655675e-01 4.420205818624124205e+00 3
2.022605654570516442e+00 4.158706744116211773e+00 3
-1.711514920817055918e+00 4.135187528756949504e+00 3
-6.306898577269385298e-01 3.790226093440681510e+00 3
1.126673968641688006e+00 5.512942081987170617e+00 3
-4.650858007156596363e-01 5.555154752388334671e+00 3
-1.767957800747523622e+00 7.146556846131793428e+00 3
3.065475729614938416e+00 3.894541734260387411e+00 3
3.665876709713681292e-01 3.706404701797862078e+00 3
1.337682417854518357e+00 5.590391300839751665e+00 3
3.571117536515401869e-01 6.566250580388721225e+00 3
2.206061497699294827e-01 6.548653560637321291e+00 3
9.537767153767934269e-01 3.955269435642465581e+00 3
-5.142589892647626559e-01 3.819588712539673914e+00 3
-4.481193548737801846e-01 4.893013396956755301e+00 3
1.118717069864917785e-01 3.347362975530233875e+00 3
4.528121116897575460e-01 3.476029863087037874e+00 3
7.379728741519845370e-01 4.845566321469470417e+00 3
-1.275308111339190420e+00 5.362898918027516615e+00 3
-1.222464512597695396e+00 3.501901405318815108e+00 3
1.347093126352209902e+00 4.407132431980448573e+00 3
4.757344257931065967e-01 4.773481172596119038e+00 3
1.122568118130320980e-01 4.579609744891507184e+00 3
6.431320346687270373e-01 5.404288690118113081e+00 3
-8.907983782162409714e-01 4.130571404405146474e+00 3
-1.220372246080416279e+00 3.650340315165282234e+00 3
-9.436251946038072269e-01 4.177218955132866007e+00 3
1.576022403808892414e-02 4.460829243491907903e+00 3
1.216776422718065298e+00 6.317854114772622154e+00 3
5.175960935561120246e-01 3.431822046054342934e+00 3
-2.628837789630695254e-01 4.752922813952927150e+00 3
3.782192652733826765e-01 3.301342251304462572e+00 3
5.693291951845490528e-01 5.171622055537824281e+00 3
2.112687830541043699e+00 3.004084064342506188e+00 3
-1.708696305248909586e-01 5.827847148949500955e+00 3
2.521752244191604930e+00 4.324179680490746414e+00 3
4.613646557825451522e-01 4.297983494996238107e+00 3
2.619859714503123271e+00 3.921415649380387780e+00 3
4.192100547559329815e-01 5.005698196189246829e+00 3
3.746522933591066584e-01 4.075886729506396300e+00 3
-5.000952545353835044e-01 3.157343011945695110e+00 3
4.520431510869713648e-02 5.790068530117721046e+00 3
-1.266160451145707855e+00 8.121345265368027810e+00 3
-1.073420108423602803e+00 5.943959592423569305e+00 3
-2.061998398348541817e-01 6.286595584184118124e+00 3
-2.194827770450819227e+00 4.393064218921017172e+00 3
-2.582489474869348323e-01 5.559038865315537592e+00 3
8.880280179829790344e-01 6.247345238788243549e+00 3
1.462736692237841085e+00 5.759704152503965169e+00 3
-1.288610892909725913e-01 4.040987485819432123e+00 3
-3.309820902578046731e-01 6.191718470298759769e+00 3
4.774791487584910399e-02 5.592548090157947627e+00 3
3.814904990731687873e-01 5.362290870077274896e+00 3
1.175061391467024929e+00 5.422480391446589998e+00 3
4.661847128095099047e-01 5.784526268328754384e+00 3
1.102101320208498825e+00 4.885663057671123077e+00 3
-3.538106128078307711e-01 4.215540326127444004e+00 3
1.554949295544069410e-01 5.553185490529540580e+00 3
3.081919718529315122e-01 6.187157809400332553e+00 3
-2.192871277541330155e+00 3.786889229606662077e+00 3
-4.817540701963704541e-01 4.288591391637939232e+00 3
7.874390068480919824e-01 4.678206942648842848e+00 3
3.280099030906043489e-01 4.992560300493221526e+00 3
2.201073529817450414e+00 5.392143946981222236e+00 3
-1.725157945152322236e+00 5.395011272316721396e+00 3
-5.777403432759508489e-02 4.400085953656625470e+00 3
9.552290080338163847e-01 5.789523526026311373e+00 3
1.143986445392220830e+00 4.653174461332961975e+00 3
1.591745984208393860e+00 4.526445611544885672e+00 3
-4.286604262733952342e-01 4.303318522456839545e+00 3
7.346297343977433725e-01 4.894869724790610555e+00 3
-1.529787817282030338e-01 5.164146905148151667e+00 3
1.246814204673989401e+00 5.409463389959203283e+00 3
6.026027574504096984e-01 5.665967261183610937e+00 3
7.333331353661294572e-02 4.592084279017201176e+00 3
-1.826783402444968507e+00 4.511506964660136454e+00 3
-9.332949370067784578e-01 4.766955267300725829e+00 3
1.063124264283997755e+00 4.686308347258215434e+00 3
6.962399476165499479e-01 4.733803343985604428e+00 3
-3.067484333061815116e-01 6.317706297685370842e+00 3
-9.207279791062547014e-01 5.915629766740665652e+00 3
1.599586251216029487e+00 3.577955905946969661e+00 3
-1.719178925688665593e+00 6.546750544220193646e+00 3
5.532878107497412046e-01 4.795034326416379500e+00 3
-2.551108821148489469e-01 3.244313577045435437e+00 3
-8.263427410685616481e-01 6.535509714904437217e+00 3
-6.567619813067065992e-01 5.601462183231459946e+00 3
8.766796781935374261e-01 5.450633265842544262e+00 3
-1.069174896869071745e+00 3.983759238953467730e+00 3
-1.127842626257916869e+00 4.865057202054421381e+00 3
2.423361084943932708e-03 4.705616125671808980e+00 3
-9.993369047299301144e-02 3.682397611814201888e+00 3
-1.354213526788320188e+00 4.586300338375567165e+00 3
-1.446181105571095138e+00 6.103030964695357774e+00 3
1.704982898560633453e+00 4.500680845540182773e+00 3
-2.654127779634704587e-01 5.741964847198427258e+00 3
1.279814131577724279e+00 7.387812324982467871e+00 3
1.377756858407489793e-01 4.905658970727451162e+00 3
-1.805457945402470510e-01 5.694641466331628266e+00 3
6.683991683484291624e-01 4.617068341477197357e+00 3
2.954576456831221609e-01 4.164045442090108295e+00 3
4.803230559078220940e-01 6.585619173739837073e+00 3
1.006057047597602283e+00 4.900356746924780182e+00 3
3.629203252049498230e-01 5.517368842119047656e+00 3
9.447262948822844342e-01 5.709261393395943074e+00 3
-1.600888847548485039e-01 5.183682677306897801e+00 3
-1.865320782513309794e+00 5.496381071457399514e+00 3
-2.007525263947627092e-01 5.301534610232311096e+00 3
-4.502680920870636982e-01 5.075095090293260114e+00 3
-2.049286182276489621e-01 4.832081789135886929e+00 3
-2.366004100430239565e-01 5.795191319460141877e+00 3
6.218087167788377556e-01 4.769644821360659037e+00 3
3.290451063258616471e-01 3.953901018532907763e+00 3
9.690071016652466174e-01 5.249934911427870610e+00 3
1.435623316607909539e+00 4.711754863102256330e+00 3
-3.747447865725818117e-01 4.497259284219262021e+00 3
6.839742949671729910e-01 4.846492504709694948e+00 3
-8.445474253740867798e-01 5.975195824307997228e+00 3
9.763199256340471255e-01 4.798333562416596365e+00 3
-3.223809844530256541e-01 4.423574994315035980e+00 3
-8.013369494952069516e-01 4.746187543720854940e+00 3
-1.112665592786762803e+00 5.666184676469755210e+00 3
-1.824443549709098722e+00 5.634126111342513177e+00 3
9.133753696201334371e-01 4.037842029155490842e+00 3
3.198933102354981628e-01 4.552197347391324200e+00 3
-1.266788702135057454e+00 4.456728949637599690e+00 3
1.098455066594010709e+00 6.929928938694946083e+00 3
1.102672699211274088e+00 4.595116502339087639e+00 3
2.557917497263228479e-01 6.304847247121608156e+00 3
1.157724625678256292e+00 3.321942959093011183e+00 3
-2.527884220504992840e-01 4.322727257506200793e+00 3
2.372894539575039374e+00 6.301448819068188989e+00 3
-1.270435007923526927e+00 4.364000746638532213e+00 3
5.990691404463435177e-01 6.257388065975816538e+00 3
9.476805078888362877e-01 7.222957234372158197e+00 3
-8.943694746547704577e-01 5.835736308070755385e+00 3
1.810365086544197144e+00 4.291448699317236049e+00 3
-6.668182702386771243e-02 5.184075810128290662e+00 3
-4.224279414184147763e-01 4.644141331210776436e+00 3
-9.778109105751329189e-01 4.613011871873827552e+00 3
-5.683688047445483171e-01 4.213917136288786836e+00 3
