6.363763679629725445e+00 3.071783638242275849e+00 0.000000000000000000e+00
4.579048555492984285e+00 5.390221674628111082e+00 0.000000000000000000e+00
3.578663076150661038e+00 5.693478609207567764e+00 0.000000000000000000e+00
3.748512856517777436e+00 4.328310931491814451e+00 0.000000000000000000e+00
3.165327436261337724e+00 5.486199994242049627e+00 0.000000000000000000e+00
5.406746065193203776e+00 3.749087935813768535e+00 0.000000000000000000e+00
4.253457416822018722e+00 4.169170378977331559e+00 0.000000000000000000e+00
6.614216668117324893e+00 4.745354754719813606e+00 0.000000000000000000e+00
3.920157011272327630e+00 6.605728215416238669e+00 0.000000000000000000e+00
6.646195211663704860e+00 7.827125049935856005e+00 0.000000000000000000e+00
5.498184921675467685e+00 4.109120216893575872e+00 0.000000000000000000e+00
4.148832316881414073e+00 5.451605232215638530e+00 0.000000000000000000e+00
4.928584115919909969e+00 3.573313575667533382e+00 0.000000000000000000e+00
4.673387873427559569e+00 4.519912389392130692e+00 0.000000000000000000e+00
5.894464267888571918e+00 5.068594633205121269e+00 0.000000000000000000e+00
6.147062244439752021e+00 5.362820126735490689e+00 0.000000000000000000e+00
5.960201201893555734e+00 4.776488980712194632e+00 0.000000000000000000e+00
4.862405718622552442e+00 4.516560530921698735e+00 0.000000000000000000e+00
4.463380514577391267e+00 4.797637410870403407e+00 0.000000000000000000e+00
5.807625382941141723e+00 5.696085346348592537e+00 0.000000000000000000e+00
4.590576273053428302e+00 5.159222976197363586e+00 0.000000000000000000e+00
3.909460158642684924e+00 4.140148226263360876e+00 0.000000000000000000e+00
4.298852087939351030e+00 4.828986505387979022e+00 0.000000000000000000e+00
4.532428916434218635e+00 5.983609015615516391e+00 0.000000000000000000e+00
4.099316711793374424e+00 3.478113458702876137e+00 0.000000000000000000e+00
7.315725663403797263e+00 4.552778150124217049e+00 0.000000000000000000e+00
6.455872328537314964e+00 4.538553784632099131e+00 0.000000000000000000e+00
4.897991779686574176e+00 4.675637493217528196e+00 0.000000000000000000e+00
4.646420509949591882e+00 3.036805186005325119e+00 0.000000000000000000e+00
4.333169943758569786e+00 5.808020326254090371e+00 0.000000000000000000e+00
6.103034167972132273e+00 6.261852063546513136e+00 0.000000000000000000e+00
2.966637194287316426e+00 6.651117542671575400e+00 0.000000000000000000e+00
4.909168309242158301e+00 6.460190190257023346e+00 0.000000000000000000e+00
6.238451089218956191e+00 3.244450528263074229e+00 0.000000000000000000e+00
5.518786729409204561e+00 4.368896765649399327e+00 0.000000000000000000e+00
4.710732700137413076e+00 5.506255205819394760e+00 0.000000000000000000e+00
5.317139128393170822e+00 5.998139727320293879e+00 0.000000000000000000e+00
4.718384036316284558e+00 5.287332581937581821e+00 0.000000000000000000e+00
4.872784166421352481e+00 5.963599579991802457e+00 0.000000000000000000e+00
3.032547508941893621e+00 4.360494352433784471e+00 0.000000000000000000e+00
5.945833461000072262e+00 6.267508789707004979e+00 0.000000000000000000e+00
4.952562359146221560e+00 4.827270258239105161e+00 0.000000000000000000e+00
5.670070814846039475e+00 5.111513523201270282e+00 0.000000000000000000e+00
6.236959344931575444e+00 4.832307029283817279e+00 0.000000000000000000e+00
4.700110736288407587e+00 4.355901311899473605e+00 0.000000000000000000e+00
6.597942112161002015e+00 3.821423601211673571e+00 0.000000000000000000e+00
4.735864379888421460e+00 5.678226106664178374e+00 0.000000000000000000e+00
4.380268958894820486e+00 5.518759151608325197e+00 0.000000000000000000e+00
5.189095107767192516e+00 3.680406091371002830e+00 0.000000000000000000e+00
5.803377078107203602e+00 4.125029464670553203e+00 0.000000000000000000e+00
3.847732397316606878e+00 7.361239952863089187e+00 0.000000000000000000e+00
6.563437591346051647e+00 5.042149855829138438e+00 0.000000000000000000e+00
4.387662928235912752e+00 4.538224901411760825e+00 0.000000000000000000e+00
3.685025432804343914e+00 4.019381103607789107e+00 0.000000000000000000e+00
5.777308730232169509e+00 4.514900741449324073e+00 0.000000000000000000e+00
5.196711830584478164e+00 3.990072834041133110e+00 0.000000000000000000e+00
5.200587790729181314e+00 6.515959088659522003e+00 0.000000000000000000e+00
5.559743494944876296e+00 3.490655832769363975e+00 0.000000000000000000e+00
4.028194676331923851e+00 5.106832622755796969e+00 0.000000000000000000e+00
4.623316200202276960e+00 4.365709132564286499e+00 0.000000000000000000e+00
5.971313146411756811e+00 4.714511359052444561e+00 0.000000000000000000e+00
4.163211769863287337e+00 5.179040196722495715e+00 0.000000000000000000e+00
4.537568868704362046e+00 4.819282618257395789e+00 0.000000000000000000e+00
4.147234272537753341e+00 4.923984496420595214e+00 0.000000000000000000e+00
4.175765400808326255e+00 4.051394215812068822e+00 0.000000000000000000e+00
6.572747976332643738e+00 5.465544140461304323e+00 0.000000000000000000e+00
5.708183993498082920e+00 4.092158116834186288e+00 0.000000000000000000e+00
3.125612009643125688e+00 5.268497142354392260e+00 0.000000000000000000e+00
4.178313118800987880e+00 6.098974057338404364e+00 0.000000000000000000e+00
5.342318457000506449e+00 4.006275275936672209e+00 0.000000000000000000e+00
5.900444530500370099e+00 5.536255209022216128e+00 0.000000000000000000e+00
6.182250552781617614e+00 7.247412141657211926e+00 0.000000000000000000e+00
4.711156202673508098e+00 5.694992803896933964e+00 0.000000000000000000e+00
6.101648213143494814e+00 5.096208673761601027e+00 0.000000000000000000e+00
4.901982942583305913e+00 2.784188367589482294e+00 0.000000000000000000e+00
6.498129469420753423e+00 4.353973740998444697e+00 0.000000000000000000e+00
4.393143207841415432e+00 6.105446093997547230e+00 0.000000000000000000e+00
2.598319168344664476e+00 5.317417047415518461e+00 0.000000000000000000e+00
5.607059687250467661e+00 6.302313795333754243e+00 0.000000000000000000e+00
4.255587622895268041e+00 6.204838787994680693e+00 0.000000000000000000e+00
3.117404127229878696e+00 4.268979968034909867e+00 0.000000000000000000e+00
7.015925772425455342e+00 4.762507700242535336e+00 0.000000000000000000e+00
3.454269262955195430e+00 5.721840548737870513e+00 0.000000000000000000e+00
5.404523678060129122e+00 5.431608508421335912e+00 0.000000000000000000e+00
5.453130177631682507e+00 5.285957551714162150e+00 0.000000000000000000e+00
4.735361232402825138e+00 3.929570432437773153e+00 0.000000000000000000e+00
5.316524180504423214e+00 5.252280881336364615e+00 0.000000000000000000e+00
5.212528158558191294e+00 5.211191895334260415e+00 0.000000000000000000e+00
5.493903313939500599e+00 4.021578145502148871e+00 0.000000000000000000e+00
6.790699652952892684e+00 3.353158720083795341e+00 0.000000000000000000e+00
4.327056334718713870e+00 5.926073924774756918e+00 0.000000000000000000e+00
5.905858964820309254e+00 6.519943415502704731e+00 0.000000000000000000e+00
5.396271953654847131e+00 5.650848726229563468e+00 0.000000000000000000e+00
6.455424035377600234e+00 5.252980769543190931e+00 0.000000000000000000e+00
5.137396116807255275e+00 4.368970054452692153e+00 0.000000000000000000e+00
4.517594797236928805e+00 5.683500106512504146e+00 0.000000000000000000e+00
5.501242050522836990e+00 4.377554537477989172e+00 0.000000000000000000e+00
6.321274929255682906e+00 5.559777153936890315e+00 0.000000000000000000e+00
4.459145780807438619e+00 5.115295885579361546e+00 0.000000000000000000e+00
5.516246577172094767e+00 3.993942352043183597e+00 0.000000000000000000e+00
4.019857713321790271e+01 6.239929086057987462e+00 1.000000000000000000e+00
3.961738477159995853e+01 5.385570281929002334e+00 1.000000000000000000e+00
4.083205467715065851e+01 4.935655655478959680e+00 1.000000000000000000e+00
3.947904993243110994e+01 3.105683335747253970e+00 1.000000000000000000e+00
4.174332311229336057e+01 7.459630822157464536e+00 1.000000000000000000e+00
3.964077821901000220e+01 5.271811441668304177e+00 1.000000000000000000e+00
3.945483047191714121e+01 4.557741283986003644e+00 1.000000000000000000e+00
3.868642843383248220e+01 4.585265275425036258e+00 1.000000000000000000e+00
3.878938612717706036e+01 5.594158949917911627e+00 1.000000000000000000e+00
4.076181731874797975e+01 5.206793366576853543e+00 1.000000000000000000e+00
3.859441286556090489e+01 6.204704338862462976e+00 1.000000000000000000e+00
3.990795278901529031e+01 5.093853606473281559e+00 1.000000000000000000e+00
3.893791544694297357e+01 4.689048765510674066e+00 1.000000000000000000e+00
4.192887934683476203e+01 5.693987572130699171e+00 1.000000000000000000e+00
4.086745587650106160e+01 4.582271456270940568e+00 1.000000000000000000e+00
4.209327436112343435e+01 5.014401167558643735e+00 1.000000000000000000e+00
3.916914515037053945e+01 4.385078221304985036e+00 1.000000000000000000e+00
3.884575438995266694e+01 5.032606037441150981e+00 1.000000000000000000e+00
3.829432591802343211e+01 5.178896521048431900e+00 1.000000000000000000e+00
4.001903547790908533e+01 5.830121962462853524e+00 1.000000000000000000e+00
3.934337150852910270e+01 5.083725309714179019e+00 1.000000000000000000e+00
4.114924997090349024e+01 5.294286291619497042e+00 1.000000000000000000e+00
3.940405661633589318e+01 4.263438558488498842e+00 1.000000000000000000e+00
3.838310649739566571e+01 4.849090706217890734e+00 1.000000000000000000e+00
3.896166380663764528e+01 4.756553125532694715e+00 1.000000000000000000e+00
4.189493897078411777e+01 4.560601846369636725e+00 1.000000000000000000e+00
4.182409770863500853e+01 6.006962942844956466e+00 1.000000000000000000e+00
4.039792331766031452e+01 6.241428085724223251e+00 1.000000000000000000e+00
4.128815146214328990e+01 4.769914298845693068e+00 1.000000000000000000e+00
3.980281718547236380e+01 3.185594222365102812e+00 1.000000000000000000e+00
3.966057656061381920e+01 6.051403682766548719e+00 1.000000000000000000e+00
3.991448158046193129e+01 4.078296718611969851e+00 1.000000000000000000e+00
4.109844391863124002e+01 4.976342639282806068e+00 1.000000000000000000e+00
4.029437874948029474e+01 3.360396003101596030e+00 1.000000000000000000e+00
3.892133803113338786e+01 4.152480171757288119e+00 1.000000000000000000e+00
4.171499300325832138e+01 3.193453183795991634e+00 1.000000000000000000e+00
4.093084373782018304e+01 4.402058035968983596e+00 1.000000000000000000e+00
4.070916056821319984e+01 7.164846605199873153e+00 1.000000000000000000e+00
4.159881927322994244e+01 5.340832914088731620e+00 1.000000000000000000e+00
3.783893311963135631e+01 5.937198979159698631e+00 1.000000000000000000e+00
4.075698362493950100e+01 6.239146186495244883e+00 1.000000000000000000e+00
3.830285273009522484e+01 4.359005344407891336e+00 1.000000000000000000e+00
4.020111064184025906e+01 5.108233817236655483e+00 1.000000000000000000e+00
3.897136982741126587e+01 5.306278369452012811e+00 1.000000000000000000e+00
4.085658465228340930e+01 4.206814094048151098e+00 1.000000000000000000e+00
3.948510405635649789e+01 4.315423950578343160e+00 1.000000000000000000e+00
4.037792969785569852e+01 2.605492204228591735e+00 1.000000000000000000e+00
4.064683008918767371e+01 5.430633615691210281e+00 1.000000000000000000e+00
3.951916772247824383e+01 4.664775997908347627e+00 1.000000000000000000e+00
4.136345959991620447e+01 4.343026928830900246e+00 1.000000000000000000e+00
3.676081088355488191e+01 4.835370052736170265e+00 1.000000000000000000e+00
4.004523601927663634e+01 3.283672981611659214e+00 1.000000000000000000e+00
4.049727235036404238e+01 4.688819201991361929e+00 1.000000000000000000e+00
3.928373516886066596e+01 7.395084454046840783e+00 1.000000000000000000e+00
3.939591669227950632e+01 5.190421034913358156e+00 1.000000000000000000e+00
3.878168558697709045e+01 3.889628183467311651e+00 1.000000000000000000e+00
3.953497200636117270e+01 4.478607394774887673e+00 1.000000000000000000e+00
3.982645061507118811e+01 3.827389948187606805e+00 1.000000000000000000e+00
4.008882726208280189e+01 4.343547872967772783e+00 1.000000000000000000e+00
4.164886133611919661e+01 4.245893414678093336e+00 1.000000000000000000e+00
4.185089056729757573e+01 6.151233382765898483e+00 1.000000000000000000e+00
3.940390664746860239e+01 5.426404399475251772e+00 1.000000000000000000e+00
4.054514874442271832e+01 5.735514651784566986e+00 1.000000000000000000e+00
4.023183159445093793e+01 3.840909666823491442e+00 1.000000000000000000e+00
3.903669544405855873e+01 4.564122667142451739e+00 1.000000000000000000e+00
3.850081744618141499e+01 3.660610354819131551e+00 1.000000000000000000e+00
3.920271252323994560e+01 6.033542493820782227e+00 1.000000000000000000e+00
3.943900955876211611e+01 5.728219074567312497e+00 1.000000000000000000e+00
4.084221989015728838e+01 5.251280273688719191e+00 1.000000000000000000e+00
4.051499765026319722e+01 3.259189036732411004e+00 1.000000000000000000e+00
3.992611563611401237e+01 5.206160313413325191e+00 1.000000000000000000e+00
4.115236151876207060e+01 4.423212409806391854e+00 1.000000000000000000e+00
4.223629652828623904e+01 3.552025066830228894e+00 1.000000000000000000e+00
4.098487355996397952e+01 4.514698357928145001e+00 1.000000000000000000e+00
3.764043884190165556e+01 4.373474756556833043e+00 1.000000000000000000e+00
3.992375775474016564e+01 4.281081145543854660e+00 1.000000000000000000e+00
4.132218250945354754e+01 5.188440614593088362e+00 1.000000000000000000e+00
4.023365229217480987e+01 5.063041709603718132e+00 1.000000000000000000e+00
3.891643746706277796e+01 4.031272384055345270e+00 1.000000000000000000e+00
4.111532241031076751e+01 3.961467807130704344e+00 1.000000000000000000e+00
3.989320317772649105e+01 5.924279064381819282e+00 1.000000000000000000e+00
4.031448074212997312e+01 5.475693479044779544e+00 1.000000000000000000e+00
3.935869348680338931e+01 4.616956101462420747e+00 1.000000000000000000e+00
4.088334286120424110e+01 5.212830738307778766e+00 1.000000000000000000e+00
3.968386384471098438e+01 5.919840104299472827e+00 1.000000000000000000e+00
3.933826445306788600e+01 5.331058071253556463e+00 1.000000000000000000e+00
3.916964547393455831e+01 4.957743297715743402e+00 1.000000000000000000e+00
3.963246971408219110e+01 3.713414065994277813e+00 1.000000000000000000e+00
3.917560547539266480e+01 5.108988403971681080e+00 1.000000000000000000e+00
3.938735833145998555e+01 6.798516280787820776e+00 1.000000000000000000e+00
3.908770572419476963e+01 5.987511047003120090e+00 1.000000000000000000e+00
3.845302656613980474e+01 3.214256835012049507e+00 1.000000000000000000e+00
3.904931027237535801e+01 4.664042998509573046e+00 1.000000000000000000e+00
3.814626592956717133e+01 4.837994393724120989e+00 1.000000000000000000e+00
4.062390463388239681e+01 5.493050677250390201e+00 1.000000000000000000e+00
4.020403659442005306e+01 6.203385244652558583e+00 1.000000000000000000e+00
3.887460229510941190e+01 2.920672854853393119e+00 1.000000000000000000e+00
4.112879320020181240e+01 6.157003382346507792e+00 1.000000000000000000e+00
4.020653052795383076e+01 5.817618907465364586e+00 1.000000000000000000e+00
3.938493005286687065e+01 3.413990729736446461e+00 1.000000000000000000e+00
4.882421480710203099e+00 1.645199036622645394e+01 2.000000000000000000e+00
4.897651316991309400e+00 1.486934840889585097e+01 2.000000000000000000e+00
5.290228907177500162e+00 1.480104323083827289e+01 2.000000000000000000e+00
5.798124398814197278e+00 1.397541568212770180e+01 2.000000000000000000e+00
4.033051407814111755e+00 1.545658883092518465e+01 2.000000000000000000e+00
4.225702281044293684e+00 1.365149239893183442e+01 2.000000000000000000e+00
4.946341139567397072e+00 1.573306375752233244e+01 2.000000000000000000e+00
5.469116866397207843e+00 1.407920255669080944e+01 2.000000000000000000e+00
5.465233568969125599e+00 1.540091133288466274e+01 2.000000000000000000e+00
6.400258902922900006e+00 1.661242149020484149e+01 2.000000000000000000e+00
5.024301624396420252e+00 1.546985069388161094e+01 2.000000000000000000e+00
4.684752618859189255e+00 1.615902906106693848e+01 2.000000000000000000e+00
4.950895637750747369e+00 1.444651115765679528e+01 2.000000000000000000e+00
5.383998716003054241e+00 1.359508694572665988e+01 2.000000000000000000e+00
4.238808370241015311e+00 1.379648051362024930e+01 2.000000000000000000e+00
4.468909311552032193e+00 1.202494244233740339e+01 2.000000000000000000e+00
5.369842929587232305e+00 1.447600784453797296e+01 2.000000000000000000e+00
4.416938044317251233e+00 1.548478184514746125e+01 2.000000000000000000e+00
5.590010549266505535e+00 1.491451270289447706e+01 2.000000000000000000e+00
5.656807623776046512e+00 1.550331558678298549e+01 2.000000000000000000e+00
5.313718512577941588e+00 1.601664706430858942e+01 2.000000000000000000e+00
3.846754839569921369e+00 1.425076461840422049e+01 2.000000000000000000e+00
5.454075335008943703e+00 1.515836276913528735e+01 2.000000000000000000e+00
3.831032985201265006e+00 1.492061052448561576e+01 2.000000000000000000e+00
4.745174537931788450e+00 1.339547995487392740e+01 2.000000000000000000e+00
5.883002211055556430e+00 1.624240339468212468e+01 2.000000000000000000e+00
6.314194972733337075e+00 1.716512035742540121e+01 2.000000000000000000e+00
3.501884656077324465e+00 1.493830814727223100e+01 2.000000000000000000e+00
3.085007555923166223e+00 1.478274180299453455e+01 2.000000000000000000e+00
3.760376892560919337e+00 1.539992822277178597e+01 2.000000000000000000e+00
5.675995012851236865e+00 1.365954560328873946e+01 2.000000000000000000e+00
4.832078700630380474e+00 1.392634856382808728e+01 2.000000000000000000e+00
4.073181983651148919e+00 1.537522860244612133e+01 2.000000000000000000e+00
4.092403906191612428e+00 1.377666117926791678e+01 2.000000000000000000e+00
4.327578280472287986e+00 1.319681622310594626e+01 2.000000000000000000e+00
4.460882963042908322e+00 1.454204185057129095e+01 2.000000000000000000e+00
4.505987675399854453e+00 1.678587605748731093e+01 2.000000000000000000e+00
3.855916945384873618e+00 1.582983502243305551e+01 2.000000000000000000e+00
3.565290272964293461e+00 1.330428256513507712e+01 2.000000000000000000e+00
6.741703109006872197e+00 1.559788522029341351e+01 2.000000000000000000e+00
6.652505634225294173e+00 1.632621797279219322e+01 2.000000000000000000e+00
5.147638991534404518e+00 1.566660158481822052e+01 2.000000000000000000e+00
3.392828599682531365e+00 1.432822567048473594e+01 2.000000000000000000e+00
4.841542157932010149e+00 1.510642881887578248e+01 2.000000000000000000e+00
4.141044131529627137e+00 1.477060596908843415e+01 2.000000000000000000e+00
5.478696689528807617e+00 1.502092872740770879e+01 2.000000000000000000e+00
6.542991795285617584e+00 1.663953082492447066e+01 2.000000000000000000e+00
5.085816522449251309e+00 1.448338153819955565e+01 2.000000000000000000e+00
4.977221462625570858e+00 1.490974325048086513e+01 2.000000000000000000e+00
5.084340851657332294e+00 1.659933935335897104e+01 2.000000000000000000e+00
4.822438357171507484e+00 1.463517054741913093e+01 2.000000000000000000e+00
4.804011556244492276e+00 1.458492484397643452e+01 2.000000000000000000e+00
5.948484343524627960e+00 1.318368263490889625e+01 2.000000000000000000e+00
4.286530248395484577e+00 1.486669886711214694e+01 2.000000000000000000e+00
5.438259756581556914e+00 1.469086053174708262e+01 2.000000000000000000e+00
3.747236358515904975e+00 1.723470555457068087e+01 2.000000000000000000e+00
5.038855096761446717e+00 1.581522260938069735e+01 2.000000000000000000e+00
5.600057589675066616e+00 1.488729037351969708e+01 2.000000000000000000e+00
4.654692397489761824e+00 1.561748109319587385e+01 2.000000000000000000e+00
5.441189780736628734e+00 1.456699538022721363e+01 2.000000000000000000e+00
5.807229435643118443e+00 1.712994443863098581e+01 2.000000000000000000e+00
4.275594680242833512e+00 1.535950587376595244e+01 2.000000000000000000e+00
5.036649069169068405e+00 1.506827913854501944e+01 2.000000000000000000e+00
4.714755387578191126e+00 1.354060992361563365e+01 2.000000000000000000e+00
4.831890538601649077e+00 1.332274309244363053e+01 2.000000000000000000e+00
6.963612036903639613e+00 1.582927289308845786e+01 2.000000000000000000e+00
5.440377241481812121e+00 1.417420610983724671e+01 2.000000000000000000e+00
5.236692322885859063e+00 1.558945861502434305e+01 2.000000000000000000e+00
5.439490108956463565e+00 1.486702301213560240e+01 2.000000000000000000e+00
4.578765309806541062e+00 1.523593672649865027e+01 2.000000000000000000e+00
3.226242525083130364e+00 1.340033383576134085e+01 2.000000000000000000e+00
5.658181566942720231e+00 1.551719822113389924e+01 2.000000000000000000e+00
2.225706644188242489e+00 1.456410819325965456e+01 2.000000000000000000e+00
5.144816821233371584e+00 1.326231865795290332e+01 2.000000000000000000e+00
5.233127043019014657e+00 1.557112541926164972e+01 2.000000000000000000e+00
4.379428594722310386e+00 1.450699598756082054e+01 2.000000000000000000e+00
4.777215661769973032e+00 1.633597480734731633e+01 2.000000000000000000e+00
5.053017835025023885e+00 1.577593368315307742e+01 2.000000000000000000e+00
5.938878740890968011e+00 1.488070348101009266e+01 2.000000000000000000e+00
3.456244352759748839e+00 1.581494458948804471e+01 2.000000000000000000e+00
4.743272922297662397e+00 1.541850111631924491e+01 2.000000000000000000e+00
4.799061074039305375e+00 1.507163955722282367e+01 2.000000000000000000e+00
3.735937532849700204e+00 1.611906606880919668e+01 2.000000000000000000e+00
3.992273430676696044e+00 1.675818262866147990e+01 2.000000000000000000e+00
5.431463355547651695e+00 1.541379600523260862e+01 2.000000000000000000e+00
4.273329229092055925e+00 1.397218690487759041e+01 2.000000000000000000e+00
4.700090852457916135e+00 1.349010827103544585e+01 2.000000000000000000e+00
5.668310825256168251e+00 1.647142788853619777e+01 2.000000000000000000e+00
5.021814466545728273e+00 1.526752923486860425e+01 2.000000000000000000e+00
5.652544861026847833e+00 1.457943514606264301e+01 2.000000000000000000e+00
3.278958307803478966e+00 1.357443809490202469e+01 2.000000000000000000e+00
4.813716815105141933e+00 1.519941188555984546e+01 2.000000000000000000e+00
4.705410932106005362e+00 1.419992522284958980e+01 2.000000000000000000e+00
4.902290167073350524e+00 1.562887834303806578e+01 2.000000000000000000e+00
4.254245689167273525e+00 1.497210109928528610e+01 2.000000000000000000e+00
5.902617037489234164e+00 1.582456163907873758e+01 2.000000000000000000e+00
4.899808981972745059e+00 1.427029374033518749e+01 2.000000000000000000e+00
6.070462039002302745e+00 1.390270688079489503e+01 2.000000000000000000e+00
3.977418397748676337e+00 1.547303107052180415e+01 2.000000000000000000e+00
4.208667969338194759e+00 1.502755340687248342e+01 2.000000000000000000e+00
3.975545057536684368e+01 1.523381739599693674e+01 3.000000000000000000e+00
3.995393535352981473e+01 1.520526729243821862e+01 3.000000000000000000e+00
3.879497554996048336e+01 1.432786740038589812e+01 3.000000000000000000e+00
4.034799336629433242e+01 1.400025624281087566e+01 3.000000000000000000e+00
3.873710274548958665e+01 1.670494889528871596e+01 3.000000000000000000e+00
3.925249754989405915e+01 1.509153395200896774e+01 3.000000000000000000e+00
3.981336554833696084e+01 1.526259524149570090e+01 3.000000000000000000e+00
4.024837012675019565e+01 1.505035504553853443e+01 3.000000000000000000e+00
3.863731107919830521e+01 1.562552737570057104e+01 3.000000000000000000e+00
3.936553809874065024e+01 1.282640169109766681e+01 3.000000000000000000e+00
4.005795146668656770e+01 1.432162928905828458e+01 3.000000000000000000e+00
4.328738361347787844e+01 1.645108646598529489e+01 3.000000000000000000e+00
3.990159989742026170e+01 1.592778932126235603e+01 3.000000000000000000e+00
4.068095022233595870e+01 1.353791107565657903e+01 3.000000000000000000e+00
3.914049406854793034e+01 1.555244595368044536e+01 3.000000000000000000e+00
4.241383668799856821e+01 1.547205447933674272e+01 3.000000000000000000e+00
3.984998640926517055e+01 1.515983107835346466e+01 3.000000000000000000e+00
4.118529227795688996e+01 1.559281454871752359e+01 3.000000000000000000e+00
3.879212360151252170e+01 1.356511477556203182e+01 3.000000000000000000e+00
3.908056247869006228e+01 1.440233119264473949e+01 3.000000000000000000e+00
4.046582277050274001e+01 1.520041410482436461e+01 3.000000000000000000e+00
4.102715064614288565e+01 1.443911629153104670e+01 3.000000000000000000e+00
4.041231816975182767e+01 1.502054582805079441e+01 3.000000000000000000e+00
4.129124321905973716e+01 1.279275652066345614e+01 3.000000000000000000e+00
4.057756443948601799e+01 1.539344289219938133e+01 3.000000000000000000e+00
3.984473254352903382e+01 1.418162748660950712e+01 3.000000000000000000e+00
4.036696361754729168e+01 1.614956929068735647e+01 3.000000000000000000e+00
4.092969582979239362e+01 1.598133882968644492e+01 3.000000000000000000e+00
4.090872082729451620e+01 1.597505195246655774e+01 3.000000000000000000e+00
3.824278801616368639e+01 1.299770906861352415e+01 3.000000000000000000e+00
4.019659870797013923e+01 1.705994718917268571e+01 3.000000000000000000e+00
3.835765730474844304e+01 1.513891335374867531e+01 3.000000000000000000e+00
3.927795079165473879e+01 1.482030323512616299e+01 3.000000000000000000e+00
4.011385169684342600e+01 1.586377259261218242e+01 3.000000000000000000e+00
4.006029505473141938e+01 1.478693220613523707e+01 3.000000000000000000e+00
4.027162403022332171e+01 1.527034952730052986e+01 3.000000000000000000e+00
3.768748746284464346e+01 1.315371412541148644e+01 3.000000000000000000e+00
4.038344865898032765e+01 1.537289293429894421e+01 3.000000000000000000e+00
3.880054354558814822e+01 1.529735512177309253e+01 3.000000000000000000e+00
4.025462763995606252e+01 1.556594996925889163e+01 3.000000000000000000e+00
4.019341006691056606e+01 1.450468090622584505e+01 3.000000000000000000e+00
4.112684510969564400e+01 1.325973676496111153e+01 3.000000000000000000e+00
3.990660119514478765e+01 1.673105505292129536e+01 3.000000000000000000e+00
4.016140850933819451e+01 1.458816344860986369e+01 3.000000000000000000e+00
3.795895744020074858e+01 1.723804261515017799e+01 3.000000000000000000e+00
3.993935585649150966e+01 1.513370301470988544e+01 3.000000000000000000e+00
4.032618499018285263e+01 1.414849356093250776e+01 3.000000000000000000e+00
3.939377864147785857e+01 1.463034926356111853e+01 3.000000000000000000e+00
4.021004562288354833e+01 1.597360374985969678e+01 3.000000000000000000e+00
3.891362525506333725e+01 1.574104315906791385e+01 3.000000000000000000e+00
4.046226939640104092e+01 1.656765063129701687e+01 3.000000000000000000e+00
3.916226224074482332e+01 1.440558045230327622e+01 3.000000000000000000e+00
4.110816012976418676e+01 1.535667895541308958e+01 3.000000000000000000e+00
3.941248982794790834e+01 1.441828426152780551e+01 3.000000000000000000e+00
3.950400703200218544e+01 1.352245755726031184e+01 3.000000000000000000e+00
4.099058692074182630e+01 1.410356827085121090e+01 3.000000000000000000e+00
4.045059945463798101e+01 1.552187417410059034e+01 3.000000000000000000e+00
4.035250677581552736e+01 1.368971100239659933e+01 3.000000000000000000e+00
4.113622974114068853e+01 1.225706003133142019e+01 3.000000000000000000e+00
4.080302951943701828e+01 1.521969115642429671e+01 3.000000000000000000e+00
4.099881592923023277e+01 1.500200117295550939e+01 3.000000000000000000e+00
3.944541410818010974e+01 1.426565587408805058e+01 3.000000000000000000e+00
4.038781071967347458e+01 1.511939622984930054e+01 3.000000000000000000e+00
4.040991032832838670e+01 1.538024235977668042e+01 3.000000000000000000e+00
4.082055967978433841e+01 1.354063380508931402e+01 3.000000000000000000e+00
4.025062494273044678e+01 1.398856992064039417e+01 3.000000000000000000e+00
4.007761058877466809e+01 1.408944042733202551e+01 3.000000000000000000e+00
4.002492162549100385e+01 1.559016280129974952e+01 3.000000000000000000e+00
3.999932400725957393e+01 1.561449302644187398e+01 3.000000000000000000e+00
3.961038952694450188e+01 1.598033237887413094e+01 3.000000000000000000e+00
3.825951767633461031e+01 1.439404889709362401e+01 3.000000000000000000e+00
4.049420460438621205e+01 1.630317925951980840e+01 3.000000000000000000e+00
4.159520100426539813e+01 1.380873687045343701e+01 3.000000000000000000e+00
4.221862496142563259e+01 1.424681696177243850e+01 3.000000000000000000e+00
4.153955138221838439e+01 1.367201463292921382e+01 3.000000000000000000e+00
3.912096078596928805e+01 1.527103246384153401e+01 3.000000000000000000e+00
4.174075999550599647e+01 1.377951219810669770e+01 3.000000000000000000e+00
3.899705635967464445e+01 1.566091480482826270e+01 3.000000000000000000e+00
4.078617438512149107e+01 1.444318921255623067e+01 3.000000000000000000e+00
3.915445958222365164e+01 1.567067391979633406e+01 3.000000000000000000e+00
4.040452708761364420e+01 1.418007122211746562e+01 3.000000000000000000e+00
3.862713326552685089e+01 1.511687591566823485e+01 3.000000000000000000e+00
4.163753844464202558e+01 1.286662034716276359e+01 3.000000000000000000e+00
3.999572199065668343e+01 1.525966345762754628e+01 3.000000000000000000e+00
4.154859930974215843e+01 1.639737449791723023e+01 3.000000000000000000e+00
3.941923504643163767e+01 1.483584951385623896e+01 3.000000000000000000e+00
4.107206304461740842e+01 1.596518864665831217e+01 3.000000000000000000e+00
4.172728502196997624e+01 1.330348617370336406e+01 3.000000000000000000e+00
4.087087888377806877e+01 1.517343088459847777e+01 3.000000000000000000e+00
4.175301723303918067e+01 1.597700115786579822e+01 3.000000000000000000e+00
3.903860094447708207e+01 1.496429233329310016e+01 3.000000000000000000e+00
3.934113926462772071e+01 1.408202950178590918e+01 3.000000000000000000e+00
3.876063539492514565e+01 1.566972964994562467e+01 3.000000000000000000e+00
4.149620603387939610e+01 1.571008092641528542e+01 3.000000000000000000e+00
3.945258025000126878e+01 1.551765327121327331e+01 3.000000000000000000e+00
4.105493513691319407e+01 1.529266092965853829e+01 3.000000000000000000e+00
4.051864634348955718e+01 1.558859875543067375e+01 3.000000000000000000e+00
3.858948902808101167e+01 1.511485102024510319e+01 3.000000000000000000e+00
3.954860013571037314e+01 1.327699325350874737e+01 3.000000000000000000e+00
4.105847014549321727e+01 1.502734846380873712e+01 3.000000000000000000e+00
