-3.464093313369511207e-01 7.103614259238567596e-01 0.000000000000000000e+00
-1.433502860698331105e+00 1.866277271077918798e-01 0.000000000000000000e+00
-1.642340361839879526e+00 7.276029764250937504e-01 0.000000000000000000e+00
3.763841944548221852e-01 -2.074742560589910578e-01 0.000000000000000000e+00
1.755544928057692911e+00 1.870901780777043111e-01 0.000000000000000000e+00
6.367984296492246177e-01 -1.675117162987969532e+00 0.000000000000000000e+00
-1.899968349064611761e+00 -1.019066885902572203e-02 0.000000000000000000e+00
7.455277855683328618e-03 6.085941731063050364e-01 0.000000000000000000e+00
2.127368486696045835e+00 -1.011701398687816500e+00 0.000000000000000000e+00
5.483209727301171510e-01 -1.061097736646679834e+00 0.000000000000000000e+00
5.545226391423130341e-01 -1.932274211583264067e+00 0.000000000000000000e+00
5.244571664554874557e-01 4.724551483207258262e-01 0.000000000000000000e+00
6.957515590394376392e-01 7.806805100678249065e-01 0.000000000000000000e+00
-2.008679619561178076e-01 4.485261919325773672e-01 0.000000000000000000e+00
-8.218065414019740667e-01 -9.565356491070482470e-01 0.000000000000000000e+00
-1.021842664443545434e+00 -4.369199461855190481e-01 0.000000000000000000e+00
1.901897705074006018e-01 -8.509291097003944815e-01 0.000000000000000000e+00
1.280276474959785471e+00 -2.177950165996796472e-01 0.000000000000000000e+00
2.386063119143528796e-02 4.829649051817454519e-01 0.000000000000000000e+00
-1.623982863691919576e-01 -1.254202795502549483e-01 0.000000000000000000e+00
-7.276520147038098019e-01 9.654000733469937368e-01 0.000000000000000000e+00
8.726173877116534250e-01 4.810360751408516711e-01 0.000000000000000000e+00
2.587391805202009926e-02 4.500064352970532811e-02 0.000000000000000000e+00
-1.386704574125864065e-01 -1.368960678879502124e+00 0.000000000000000000e+00
-5.436166222431932926e-01 4.374918231862160584e-02 0.000000000000000000e+00
6.132232158009573997e-01 -4.912185673400402131e-01 0.000000000000000000e+00
-4.836668465167601738e-01 -1.689108611566110696e+00 0.000000000000000000e+00
-8.707996749887612908e-02 -1.251296054834966975e+00 0.000000000000000000e+00
5.529301392182769392e-01 6.181219462368575668e-01 0.000000000000000000e+00
3.896450530711648153e-01 8.175406668730512694e-01 0.000000000000000000e+00
4.289003426890144466e-01 1.152007719249856121e+00 0.000000000000000000e+00
-1.733544786002556570e+00 4.893047103837725453e-01 0.000000000000000000e+00
2.075719026355880459e+00 -2.494917684189082441e-01 0.000000000000000000e+00
1.110413532767162925e+00 2.685466243864436553e+00 0.000000000000000000e+00
8.205440209176446675e-01 1.225795942428268503e+00 0.000000000000000000e+00
-1.376266020779360888e+00 -4.198275219298807093e-01 0.000000000000000000e+00
6.609078694612857685e-01 -4.155390414725387838e-01 0.000000000000000000e+00
-7.804824201242458459e-01 3.039318158736329933e-01 0.000000000000000000e+00
-8.035199405548815177e-01 1.480662586268596703e+00 0.000000000000000000e+00
7.599676153782496391e-01 -8.861406648409083653e-01 0.000000000000000000e+00
1.128684545190703048e+00 -4.914926861225412669e-01 0.000000000000000000e+00
-6.065725359170721642e-01 4.673005024616643799e-01 0.000000000000000000e+00
-3.358701879979923421e-01 -9.055974157927078050e-01 0.000000000000000000e+00
1.472739079395989803e+00 7.938891309089058934e-01 0.000000000000000000e+00
9.535272791569958661e-01 -1.134725629144742953e+00 0.000000000000000000e+00
-1.767652145288061694e-01 -1.964508574726684831e+00 0.000000000000000000e+00
-1.256452816745564860e+00 -1.481014650653333931e+00 0.000000000000000000e+00
-7.937419740514141120e-01 2.712531768554595213e-01 0.000000000000000000e+00
-2.049385423777930093e+00 -3.610533149625183569e-01 0.000000000000000000e+00
-1.749256811659061883e+00 7.040920993005496120e-01 0.000000000000000000e+00
-1.356374858045489962e+00 -7.840301701790431954e-01 0.000000000000000000e+00
9.720087657758146038e-02 -1.257466628002201769e-01 0.000000000000000000e+00
5.719596109185637323e-01 -1.781495131319008829e+00 0.000000000000000000e+00
8.809610012800358492e-01 1.266020198830051902e+00 0.000000000000000000e+00
1.411021868620542685e+00 1.259200155005598232e+00 0.000000000000000000e+00
3.346298327362716152e-01 -1.890445346017948669e+00 0.000000000000000000e+00
5.954011157788746678e-01 -6.881108396678560224e-01 0.000000000000000000e+00
-7.902705392898732306e-01 3.797614111827886663e-01 0.000000000000000000e+00
2.954520192945248591e-01 3.647399190652812762e-02 0.000000000000000000e+00
7.147326049549537763e-02 6.188927847418381756e-01 0.000000000000000000e+00
-1.278932275160416854e+00 -3.503658841005296010e-01 0.000000000000000000e+00
1.224641615950899487e+00 4.908646748029644735e-01 0.000000000000000000e+00
-1.599515701304534132e-01 2.005556140721564407e-01 0.000000000000000000e+00
-1.242054204112513105e+00 9.967314778649071227e-01 0.000000000000000000e+00
3.925914554055088823e-01 -1.041211258076484014e-01 0.000000000000000000e+00
-2.261009204576603704e+00 -7.467701398099971799e-01 0.000000000000000000e+00
3.227197904515761717e-01 -9.905486775158156565e-01 0.000000000000000000e+00
-1.037162439959809390e+00 -3.960662883125464773e-01 0.000000000000000000e+00
-6.451800682550480337e-01 8.986611558529394861e-01 0.000000000000000000e+00
2.022931230803176827e+00 5.042318530303191437e-01 0.000000000000000000e+00
-7.178805829344215850e-01 2.751015283041025050e-01 0.000000000000000000e+00
1.094361907027103564e+00 3.128449799125589403e-01 0.000000000000000000e+00
-1.301708867854242335e+00 6.642048407544920430e-01 0.000000000000000000e+00
-9.909725351357399070e-01 6.105911012751933375e-01 0.000000000000000000e+00
-9.793236237098085217e-01 -6.445156326593063367e-01 0.000000000000000000e+00
3.247126534120396979e-01 -6.199249691939200391e-01 0.000000000000000000e+00
3.272353568582932470e-01 8.341019406894600863e-01 0.000000000000000000e+00
-4.757040488238161169e-01 1.032203358918230979e-01 0.000000000000000000e+00
4.091928756782980403e-01 -4.825312730484668799e-01 0.000000000000000000e+00
-5.285694263514367774e-01 -1.617109944804832722e+00 0.000000000000000000e+00
-1.273027699183009842e+00 -7.258357017873312556e-01 0.000000000000000000e+00
1.128885960648285058e+00 3.027932780209599550e-01 0.000000000000000000e+00
-1.273533785297223275e+00 8.377689746808032467e-01 0.000000000000000000e+00
-9.512857412364817966e-01 3.012694311659230850e-01 0.000000000000000000e+00
1.748137694916056084e+00 1.125594477910860869e+00 0.000000000000000000e+00
-4.521310886018942155e-01 1.603997310991490899e+00 0.000000000000000000e+00
4.485314883367708672e-01 1.319037855572475215e-01 0.000000000000000000e+00
1.484713398344990498e+00 -1.134424452092349794e-01 0.000000000000000000e+00
-1.428488663729973407e+00 -8.346544662832242611e-01 0.000000000000000000e+00
1.341626373255331517e+00 6.482472321282907179e-01 0.000000000000000000e+00
1.125046996182866410e+00 -5.980636146929428909e-01 0.000000000000000000e+00
8.457235245019851799e-01 -2.979142093587588969e-01 0.000000000000000000e+00
7.187059724662332449e-01 -8.843976634518890823e-01 0.000000000000000000e+00
9.831225152975877624e-01 1.052965992404353512e+00 0.000000000000000000e+00
4.466977384853844102e-01 8.304508587803987041e-01 0.000000000000000000e+00
3.806287901640386107e-01 -1.942263646692750645e-01 0.000000000000000000e+00
-3.060831607957405498e-01 -6.162210264071331656e-01 0.000000000000000000e+00
-5.525841324411232547e-01 -1.246935460033918586e-01 0.000000000000000000e+00
-9.699645003084105266e-01 7.118433011785727516e-01 0.000000000000000000e+00
1.465021004294026374e+00 4.547115544254295427e-01 0.000000000000000000e+00
5.760131981228900244e+00 -1.261172360083913979e+00 1.000000000000000000e+00
4.767060036209525897e+00 3.951971842678647096e-01 1.000000000000000000e+00
5.225796498248136857e+00 3.319441896582898677e-01 1.000000000000000000e+00
4.959783951620361009e+00 -1.934524859453214285e+00 1.000000000000000000e+00
6.837428583973940377e+00 -7.685110711646095938e-01 1.000000000000000000e+00
7.208143871552378457e+00 7.153864979875648178e-01 1.000000000000000000e+00
5.809182139703485070e+00 1.519890133257749465e+00 1.000000000000000000e+00
5.175126019076438766e+00 2.662829361838962017e-01 1.000000000000000000e+00
5.597801540087198546e+00 -1.475406272949106423e+00 1.000000000000000000e+00
5.063850284728261819e+00 1.148493428237697511e+00 1.000000000000000000e+00
4.735544715577697517e+00 -1.898840180420553192e-01 1.000000000000000000e+00
5.387357635381754051e+00 8.523464927017553316e-01 1.000000000000000000e+00
4.489465591609110184e+00 3.113098184147331526e-01 1.000000000000000000e+00
4.627042019485492652e+00 -4.335180596404138997e-01 1.000000000000000000e+00
6.163639045162034868e+00 1.188772659038848545e+00 1.000000000000000000e+00
4.863204958229037977e+00 -2.024376950772021344e-01 1.000000000000000000e+00
6.315803349393535271e+00 -8.288232389878744666e-01 1.000000000000000000e+00
3.861573207649944717e+00 7.673535530449799857e-01 1.000000000000000000e+00
2.411711678342423504e+00 1.092197340264272398e+00 1.000000000000000000e+00
5.135810207511685377e+00 1.097197902269225089e+00 1.000000000000000000e+00
5.726614260700504389e+00 1.720929903616888135e+00 1.000000000000000000e+00
5.048921622791502806e+00 -3.032329117296829857e+00 1.000000000000000000e+00
6.871239482268792997e+00 6.996376419123346846e-01 1.000000000000000000e+00
5.357790352761711006e+00 1.018091268596038157e+00 1.000000000000000000e+00
5.168557656095222441e+00 1.686183924696145198e-01 1.000000000000000000e+00
6.481086557025701467e+00 1.035784633760696988e-01 1.000000000000000000e+00
3.912140489336929150e+00 1.500244482925499501e+00 1.000000000000000000e+00
5.666875955427730815e+00 2.275470919314845464e+00 1.000000000000000000e+00
4.133878787698894719e+00 1.304932895227119527e+00 1.000000000000000000e+00
5.114151841599093196e+00 -6.927662724076376621e-01 1.000000000000000000e+00
4.225351154008960997e+00 -1.027511963118290073e+00 1.000000000000000000e+00
6.772711119881089203e+00 6.986415953426602377e-01 1.000000000000000000e+00
6.189318230554130551e+00 -1.826523862712426949e+00 1.000000000000000000e+00
4.815820674804474955e+00 -6.011683010729814702e-01 1.000000000000000000e+00
4.017037002096530252e+00 -7.939969029032089010e-01 1.000000000000000000e+00
2.287187689322459860e+00 1.504688970274435933e-01 1.000000000000000000e+00
5.119966757163077808e+00 9.421182320054053427e-01 1.000000000000000000e+00
5.421272158407727915e+00 -1.577210500655299441e+00 1.000000000000000000e+00
4.494337012555188693e+00 7.048067907016752898e-01 1.000000000000000000e+00
4.229423071218435304e+00 -1.892609950785729966e-01 1.000000000000000000e+00
4.800821959026343677e+00 1.799485630911629164e+00 1.000000000000000000e+00
6.107911029959313787e+00 1.040922428660654014e-01 1.000000000000000000e+00
2.463940790506679690e+00 -1.121370281737131602e+00 1.000000000000000000e+00
6.339899153008779820e+00 5.979026105490474752e-01 1.000000000000000000e+00
4.693324554649997538e+00 5.964606415377698978e-01 1.000000000000000000e+00
4.857349455723309894e+00 6.912998135539124567e-01 1.000000000000000000e+00
3.505011738096418306e+00 -1.097315454330280105e+00 1.000000000000000000e+00
5.794413470982921588e+00 1.480706723006655512e+00 1.000000000000000000e+00
4.848697280861419046e+00 -1.148135552951475180e+00 1.000000000000000000e+00
6.609860014270454442e+00 -2.411609560340553793e-01 1.000000000000000000e+00
5.310775175453176011e+00 -5.287656519847808712e-01 1.000000000000000000e+00
5.037470407393474403e+00 -1.307101670583113551e+00 1.000000000000000000e+00
4.698948932838264980e+00 9.155663913997303949e-01 1.000000000000000000e+00
6.010256767134539047e+00 1.047765801531460150e+00 1.000000000000000000e+00
4.896162492299435343e+00 -3.181668779404879799e-01 1.000000000000000000e+00
6.323808984772266939e+00 -7.348371739267898217e-01 1.000000000000000000e+00
5.530815390814853849e+00 1.634094258320415161e-01 1.000000000000000000e+00
5.470197840514629206e+00 1.011836758416807536e+00 1.000000000000000000e+00
6.218303368328697900e+00 9.655127855762785094e-01 1.000000000000000000e+00
4.679561113837240605e+00 -2.550040615650684739e+00 1.000000000000000000e+00
4.059686064398475125e+00 9.586747409959082145e-01 1.000000000000000000e+00
3.569995332839772662e+00 -9.243916478480376231e-01 1.000000000000000000e+00
3.928000407654878678e+00 8.213028306474177143e-01 1.000000000000000000e+00
5.096706086837770044e+00 -5.905722411409725092e-01 1.000000000000000000e+00
6.025996830553623340e+00 2.531530186603865307e+00 1.000000000000000000e+00
4.635846802061916350e+00 2.773264446842886310e-01 1.000000000000000000e+00
5.788809908605237808e+00 -1.556000330475881821e-01 1.000000000000000000e+00
4.001646198710933078e+00 -2.722736987903669803e+00 1.000000000000000000e+00
3.974226038945984918e+00 -2.318138948538679411e+00 1.000000000000000000e+00
6.020595580184602724e+00 1.733790074144435367e-01 1.000000000000000000e+00
3.623738776845779164e+00 8.183190762263133078e-02 1.000000000000000000e+00
4.789155847913930231e+00 -2.833710118479735862e-01 1.000000000000000000e+00
4.752751771371074518e+00 1.631338267621409432e+00 1.000000000000000000e+00
6.026769506572240864e+00 2.474422782303936641e-01 1.000000000000000000e+00
5.351105157911232091e+00 2.541623014774413436e-01 1.000000000000000000e+00
5.050282450122058009e+00 1.759975938525271677e-01 1.000000000000000000e+00
5.377883425531306827e+00 8.545767039610955296e-01 1.000000000000000000e+00
5.123511160084207816e+00 -6.971534696003981596e-03 1.000000000000000000e+00
4.369459103435465508e+00 3.366915025314337062e-01 1.000000000000000000e+00
2.785721735730118720e+00 -2.082803547522934368e-02 1.000000000000000000e+00
4.352956949982170975e+00 8.031648005352963748e-01 1.000000000000000000e+00
5.549305121300857735e+00 -1.821995411821058619e+00 1.000000000000000000e+00
4.986858365003259408e+00 4.985506765833205289e-01 1.000000000000000000e+00
4.735036640851420842e+00 1.417171500340546286e+00 1.000000000000000000e+00
3.910689969320178427e+00 2.441310100744311651e-01 1.000000000000000000e+00
3.764124652583210384e+00 2.356365429242039400e-01 1.000000000000000000e+00
5.248797876930757056e+00 -1.122925151384712494e+00 1.000000000000000000e+00
3.640423949107898238e+00 -1.201420147459652948e-01 1.000000000000000000e+00
3.252548138754693063e+00 1.444623743268340865e+00 1.000000000000000000e+00
4.931565966248825816e+00 4.925170937384109604e-01 1.000000000000000000e+00
3.593312330349991424e+00 6.268198725208877498e-02 1.000000000000000000e+00
5.116388972289711567e+00 4.607226296522571457e-02 1.000000000000000000e+00
5.104681843165102428e+00 -2.598838550661544566e+00 1.000000000000000000e+00
4.573780182721297827e+00 1.923091661516369288e-01 1.000000000000000000e+00
5.825579602269024271e+00 7.461115420317368518e-02 1.000000000000000000e+00
5.418491069998266241e+00 7.092770828363640367e-01 1.000000000000000000e+00
5.637950224633716978e+00 -5.595019153909870369e-01 1.000000000000000000e+00
6.035272443248194563e+00 1.395392780246833997e+00 1.000000000000000000e+00
4.573198576558842987e+00 -6.652770377831328241e-02 1.000000000000000000e+00
6.461540411066149403e+00 7.746373469064222750e-01 1.000000000000000000e+00
9.644948490259061202e+00 -1.303498891802224557e+00 2.000000000000000000e+00
1.209595944888470775e+01 6.585680577555199644e-01 2.000000000000000000e+00
9.221945356209561240e+00 4.147056767154733703e-01 2.000000000000000000e+00
9.853203044314930992e+00 1.119820688074096848e+00 2.000000000000000000e+00
1.023644130424287191e+01 3.596990438841649596e-01 2.000000000000000000e+00
9.988723042488532045e+00 2.582341183413377483e-01 2.000000000000000000e+00
8.949337855672084174e+00 3.578612871941052598e-01 2.000000000000000000e+00
1.116512641709528886e+01 4.185862785069357495e-01 2.000000000000000000e+00
7.879283477129051860e+00 6.986844382230656958e-01 2.000000000000000000e+00
9.096586063192981797e+00 -9.474838412642842822e-02 2.000000000000000000e+00
8.840811478985205696e+00 4.627811841134052417e-01 2.000000000000000000e+00
1.215541982982987435e+01 -3.903040609072176981e-01 2.000000000000000000e+00
8.974144952949346887e+00 -3.598995681094906973e-01 2.000000000000000000e+00
1.070545305174252526e+01 -3.595975305841447867e-02 2.000000000000000000e+00
9.785920175509899011e+00 4.915159735076867764e-01 2.000000000000000000e+00
9.738803864373927865e+00 2.069430289166186987e-01 2.000000000000000000e+00
8.855698585251632338e+00 -1.012189093099749915e+00 2.000000000000000000e+00
9.397052616441685657e+00 -8.740190775270713086e-01 2.000000000000000000e+00
1.005597723362837570e+01 -6.768624643117583384e-01 2.000000000000000000e+00
9.165715778802118407e+00 -5.290983189540923171e-01 2.000000000000000000e+00
1.045358292388807619e+01 -7.636620823668583968e-01 2.000000000000000000e+00
1.069287283765900654e+01 -1.264228213689589486e+00 2.000000000000000000e+00
8.426759242922216231e+00 4.667115294108009627e-01 2.000000000000000000e+00
9.482347937300128038e+00 1.067677430344589062e+00 2.000000000000000000e+00
8.595949676020628871e+00 -1.083129769618246030e+00 2.000000000000000000e+00
1.114587228355105886e+01 -3.917932614015697257e-01 2.000000000000000000e+00
1.038318449872921967e+01 1.039886943765755412e+00 2.000000000000000000e+00
9.639682494833619941e+00 5.917099465854417373e-01 2.000000000000000000e+00
1.119081515718016462e+01 -5.802869789142237611e-01 2.000000000000000000e+00
1.057896689167251125e+01 1.014237565405539332e+00 2.000000000000000000e+00
9.839015123151833464e+00 -8.709101802630574429e-01 2.000000000000000000e+00
1.019126969461265908e+01 -2.096729922614812835e+00 2.000000000000000000e+00
1.091442291274890586e+01 -9.944683635091998708e-01 2.000000000000000000e+00
1.063478582694678920e+01 3.650980268759491248e-02 2.000000000000000000e+00
9.642779012858165189e+00 9.196136834088693979e-01 2.000000000000000000e+00
1.119490932608276523e+01 -1.078161304543501009e+00 2.000000000000000000e+00
1.162790457439046143e+01 -9.092196893028426929e-01 2.000000000000000000e+00
8.368351444099769054e+00 -6.933132981774513953e-03 2.000000000000000000e+00
1.132743697935646843e+01 -5.555223757317890865e-01 2.000000000000000000e+00
1.118006995804104164e+01 3.370014251932318405e-02 2.000000000000000000e+00
1.070875692179091310e+01 -1.091210635467809054e+00 2.000000000000000000e+00
1.051815864079472895e+01 -1.408397658196080426e+00 2.000000000000000000e+00
1.108983393232759695e+01 -1.459404093769544053e+00 2.000000000000000000e+00
8.911795301829892324e+00 1.746604785781424640e+00 2.000000000000000000e+00
1.036550132415472447e+01 -1.212956754778703461e+00 2.000000000000000000e+00
9.938378764381226915e+00 6.901105669926085318e-01 2.000000000000000000e+00
8.580500989981880267e+00 -4.359380017471881086e-01 2.000000000000000000e+00
9.587589027909118045e+00 9.804646577756349624e-01 2.000000000000000000e+00
1.115087770444290172e+01 1.745494697695070707e+00 2.000000000000000000e+00
9.710395996503727645e+00 -1.155002216201551413e+00 2.000000000000000000e+00
1.070212059684833505e+01 -9.558210566773256422e-01 2.000000000000000000e+00
7.941283152117893707e+00 -1.026271073487461827e+00 2.000000000000000000e+00
8.464378110404316757e+00 7.974439406749817688e-03 2.000000000000000000e+00
9.843015073224652411e+00 3.321311529942396618e-02 2.000000000000000000e+00
8.821847293548570335e+00 -8.004288923215353568e-01 2.000000000000000000e+00
9.494940134124465914e+00 -1.310862485228796448e-01 2.000000000000000000e+00
8.145994831905138511e+00 3.961700897804625726e-02 2.000000000000000000e+00
1.017060814069740893e+01 1.660427162685297109e+00 2.000000000000000000e+00
1.052493004779127439e+01 -9.502999895950854370e-01 2.000000000000000000e+00
1.135229873884848750e+01 1.650516283604697154e+00 2.000000000000000000e+00
1.045906036896600533e+01 8.417828784720712276e-01 2.000000000000000000e+00
8.083725563934340386e+00 4.936788428414999874e-01 2.000000000000000000e+00
1.049632508214597593e+01 -1.708862067248563266e+00 2.000000000000000000e+00
1.065175388271227064e+01 1.549507580926487993e+00 2.000000000000000000e+00
1.072588352385980848e+01 -3.363597042463277176e-01 2.000000000000000000e+00
8.802710470146569932e+00 -2.107139957412338671e-01 2.000000000000000000e+00
9.042059733670765098e+00 6.729656978412777990e-01 2.000000000000000000e+00
8.690104768332904683e+00 -1.138327688026912199e+00 2.000000000000000000e+00
1.009541015306328049e+01 -7.230166895374420255e-01 2.000000000000000000e+00
1.014561241345839981e+01 1.446749795114554926e+00 2.000000000000000000e+00
1.098534555253482381e+01 5.065508544795442880e-01 2.000000000000000000e+00
8.073556241851205684e+00 -3.073695693013912544e-01 2.000000000000000000e+00
1.113698993038105378e+01 1.831103604622607461e+00 2.000000000000000000e+00
8.933903589831121650e+00 9.575131806555248204e-01 2.000000000000000000e+00
9.507425737398936150e+00 -2.018969033121856549e-01 2.000000000000000000e+00
1.102575388424663672e+01 -9.839194347598014811e-01 2.000000000000000000e+00
1.113209635370319006e+01 1.290175411847764853e-01 2.000000000000000000e+00
9.048008485740378859e+00 -7.015773870762036513e-01 2.000000000000000000e+00
1.119953108920593188e+01 1.994931715983230935e+00 2.000000000000000000e+00
1.221825281245197203e+01 -1.040862261078973727e+00 2.000000000000000000e+00
1.050507862848608553e+01 -1.027708800471453632e+00 2.000000000000000000e+00
8.935652671384112011e+00 1.319042769193401465e+00 2.000000000000000000e+00
1.056740791702135240e+01 1.291917986602031609e+00 2.000000000000000000e+00
9.586715837114940797e+00 6.600975114947573719e-01 2.000000000000000000e+00
1.116769238146381227e+01 2.171738532078132111e-01 2.000000000000000000e+00
1.026012962220561420e+01 -7.950188546897321018e-01 2.000000000000000000e+00
8.302519842713751430e+00 -1.551235492625535617e+00 2.000000000000000000e+00
9.470613837468317087e+00 -1.672342870497207867e+00 2.000000000000000000e+00
1.032019248240345632e+01 3.275242689495693749e-01 2.000000000000000000e+00
1.057583865253346644e+01 -9.315653992587291654e-01 2.000000000000000000e+00
1.063099114220667829e+01 -1.528671743321836418e+00 2.000000000000000000e+00
9.416578473678164585e+00 -1.901321410097561726e+00 2.000000000000000000e+00
1.084657518452995362e+01 7.355116785939931345e-01 2.000000000000000000e+00
9.539465833462516642e+00 -3.291665253876390751e-01 2.000000000000000000e+00
1.054947287850128745e+01 -1.321876462484489423e+00 2.000000000000000000e+00
1.072775969198028534e+01 4.429511546773363673e-01 2.000000000000000000e+00
1.044292319758665677e+01 1.532306993386037541e-01 2.000000000000000000e+00
1.077392803921572728e+01 -9.303646802165720098e-02 2.000000000000000000e+00
9.514680626742617164e+00 3.644008039734926152e-01 2.000000000000000000e+00
1.119666010315926918e+01 -1.506181412993629953e+00 2.000000000000000000e+00
6.698499164048955512e-01 4.494686219769011615e+00 3.000000000000000000e+00
-3.702234021013389165e-01 2.951498375535128282e+00 3.000000000000000000e+00
-1.443194995376460676e+00 6.298305845832861571e+00 3.000000000000000000e+00
-1.429085405275643206e+00 5.497268577921271770e+00 3.000000000000000000e+00
-1.698395221460998528e+00 4.646164021827061674e+00 3.000000000000000000e+00
2.344402057930415617e-01 5.242995489789084473e+00 3.000000000000000000e+00
-2.272055133339078825e+00 4.237925216211151813e+00 3.000000000000000000e+00
2.349841887182273492e-01 3.768716724027883380e+00 3.000000000000000000e+00
1.640517830923199805e+00 3.428748521493507173e+00 3.000000000000000000e+00
-1.055721554564245324e+00 4.688730847050072370e+00 3.000000000000000000e+00
5.651339324839284028e-01 5.020202505982155117e+00 3.000000000000000000e+00
-6.321778850577529363e-02 5.703914334126283237e+00 3.000000000000000000e+00
-8.062092260999663695e-01 5.355443521385916839e+00 3.000000000000000000e+00
-2.582188745315494929e-02 3.682363836525088807e+00 3.000000000000000000e+00
1.714219027386431504e+00 5.410712791007574296e+00 3.000000000000000000e+00
-3.730536619848709434e-01 5.680986278110109922e+00 3.000000000000000000e+00
2.827616366235197187e-01 5.740570269285942828e+00 3.000000000000000000e+00
-1.034848962691119034e+00 5.673678561397808018e+00 3.000000000000000000e+00
8.650530599535269927e-01 5.882744640887168863e+00 3.000000000000000000e+00
1.017924641577146877e-01 2.667312317623613094e+00 3.000000000000000000e+00
1.503956376618264257e-01 5.478025590534857159e+00 3.000000000000000000e+00
-5.821616335245411999e-01 5.594897145058223664e+00 3.000000000000000000e+00
1.286956560135523064e+00 5.512989926319467493e+00 3.000000000000000000e+00
-9.719152822892820343e-01 5.241265306691850867e+00 3.000000000000000000e+00
5.878126898343201123e-01 4.844008981470274477e+00 3.000000000000000000e+00
3.148273532222137239e-01 4.797380093630599696e+00 3.000000000000000000e+00
-5.352796512689871333e-01 5.299506253562707769e+00 3.000000000000000000e+00
-3.559057641889494250e-01 5.792552717967962117e+00 3.000000000000000000e+00
2.707410989456051076e-01 5.612030364881626099e+00 3.000000000000000000e+00
9.086690821299583387e-01 4.470540099621267416e+00 3.000000000000000000e+00
-2.562481265463445901e+00 3.665177813713746069e+00 3.000000000000000000e+00
-6.677025420347905138e-01 5.577661443185736090e+00 3.000000000000000000e+00
-2.660025784102065805e-01 6.617560582294931493e+00 3.000000000000000000e+00
-1.523919909265906369e+00 4.887363374076399758e+00 3.000000000000000000e+00
7.463939638526642106e-01 5.414930188279398315e+00 3.000000000000000000e+00
-1.317931003002291782e-02 5.987582330214766380e+00 3.000000000000000000e+00
6.964584173089259922e-01 5.034781630743530023e+00 3.000000000000000000e+00
-3.256913009383181623e-01 4.794077654271459821e+00 3.000000000000000000e+00
-1.597579005488582560e+00 4.917905778840897746e+00 3.000000000000000000e+00
2.576689287892286462e-01 6.270703687076171207e+00 3.000000000000000000e+00
8.131845873047647277e-01 4.724336057197347394e+00 3.000000000000000000e+00
-1.275357670562932144e-01 4.968325146581866747e+00 3.000000000000000000e+00
-1.134224098396690028e+00 4.935338535178448893e+00 3.000000000000000000e+00
-4.020824748941503879e-01 4.439972359210832664e+00 3.000000000000000000e+00
1.005899551723548724e+00 5.743191517935107626e+00 3.000000000000000000e+00
-2.493117303171540344e-01 5.341491545724473156e+00 3.000000000000000000e+00
-1.236557456820641943e-01 4.393685368995218887e+00 3.000000000000000000e+00
8.390963502107122718e-01 4.914257644292903571e+00 3.000000000000000000e+00
-1.457816878152177198e+00 5.717218390114070736e+00 3.000000000000000000e+00
2.900342953489613573e-01 4.883129078381966970e+00 3.000000000000000000e+00
3.917752731774536423e-01 4.844815224529300579e+00 3.000000000000000000e+00
2.576070379411249389e-01 5.228245061638971514e+00 3.000000000000000000e+00
-1.772601721981143796e-01 5.812535573839808123e+00 3.000000000000000000e+00
1.726757316346503757e+00 5.989295312613297284e+00 3.000000000000000000e+00
-1.775211233969903768e+00 6.069610162401312792e+00 3.000000000000000000e+00
-1.944533959714555560e-01 5.498511173696269516e+00 3.000000000000000000e+00
7.961955545918426580e-01 4.602551326232652507e+00 3.000000000000000000e+00
1.664762901847172794e+00 5.252728732198481687e+00 3.000000000000000000e+00
-1.207452189899512529e+00 4.796686207916032174e+00 3.000000000000000000e+00
-3.918392969405374293e-01 4.713905412476290024e+00 3.000000000000000000e+00
1.186778720818533861e+00 6.291114742092384304e+00 3.000000000000000000e+00
-1.037687949521619801e+00 7.262241226518775683e+00 3.000000000000000000e+00
-5.407370043727350861e-01 6.348438349659478064e+00 3.000000000000000000e+00
-1.056156731586970210e+00 4.890998758450638917e+00 3.000000000000000000e+00
-1.901012933041299036e+00 5.280929120078369898e+00 3.000000000000000000e+00
-5.774961088162616080e-02 4.693682329820807020e+00 3.000000000000000000e+00
-1.647769609712836258e+00 2.911824168229954157e+00 3.000000000000000000e+00
2.119377095146351753e+00 5.071495628248587018e+00 3.000000000000000000e+00
-1.494270920840262473e+00 4.729576049443614316e+00 3.000000000000000000e+00
2.710391787150149834e-01 3.304700840031453257e+00 3.000000000000000000e+00
-1.118602708268420454e+00 4.954482687009260644e+00 3.000000000000000000e+00
-1.524144196808228990e+00 4.777005174577409363e+00 3.000000000000000000e+00
5.276354161462694092e-01 4.904449313121420850e+00 3.000000000000000000e+00
-2.291761672254178372e-01 3.825638195512141682e+00 3.000000000000000000e+00
5.482680312973575720e-01 4.270086090267486867e+00 3.000000000000000000e+00
5.742079855116344334e-01 5.037269313283906591e+00 3.000000000000000000e+00
8.294305422262726601e-01 4.384784368439630597e+00 3.000000000000000000e+00
-2.135337782976774457e-01 6.080738316842990265e+00 3.000000000000000000e+00
1.617864703447632113e+00 5.424540699739862859e+00 3.000000000000000000e+00
2.610034970040709945e-01 4.122370564854778152e+00 3.000000000000000000e+00
6.161059464017258902e-01 3.799023215905910078e+00 3.000000000000000000e+00
-1.074073056826642392e-01 4.111610401899563172e+00 3.000000000000000000e+00
-1.755763699503659403e+00 4.687611331241919643e+00 3.000000000000000000e+00
-3.867681476578872513e-01 4.997398792036924497e+00 3.000000000000000000e+00
6.281031508517431750e-01 4.589797854619088291e+00 3.000000000000000000e+00
-3.311200370841524410e-02 4.837468109724632370e+00 3.000000000000000000e+00
-1.875788800352407304e-01 4.303966905252699426e+00 3.000000000000000000e+00
-2.529052410990704353e-02 5.868797201905160854e+00 3.000000000000000000e+00
-1.387263501068334570e-01 4.232603403285980725e+00 3.000000000000000000e+00
1.671971663290084731e+00 3.833396388312976022e+00 3.000000000000000000e+00
-1.247618441730589778e+00 5.773588901264204765e+00 3.000000000000000000e+00
-2.527768891720328370e-01 5.954299623954462106e+00 3.000000000000000000e+00
-1.796861469262579281e+00 4.973944785020312231e+00 3.000000000000000000e+00
6.755016576309583742e-01 6.126873066008034385e+00 3.000000000000000000e+00
-2.824960429513334592e-01 2.610917515252437315e+00 3.000000000000000000e+00
-1.605684159050260629e+00 3.997510554754373224e+00 3.000000000000000000e+00
3.757830510147293079e-01 5.055082991623773836e+00 3.000000000000000000e+00
-5.550834913189617303e-01 4.306977952600675508e+00 3.000000000000000000e+00
-7.414601668292312153e-01 4.367984369883046725e+00 3.000000000000000000e+00
-6.448019182915215239e-03 3.740256138698033084e+00 3.000000000000000000e+00
5.051362980032432226e+00 5.470896317236641160e+00 4.000000000000000000e+00
6.170637831139532459e+00 3.390146628135177309e+00 4.000000000000000000e+00
5.068197867584036231e+00 3.646841669458514623e+00 4.000000000000000000e+00
5.911972070693189529e+00 4.065926157610586067e+00 4.000000000000000000e+00
4.331737238980540639e+00 5.259531269922888441e+00 4.000000000000000000e+00
3.446821432439440613e+00 4.883443619443944783e+00 4.000000000000000000e+00
6.623151726565382091e+00 7.093717114879211749e+00 4.000000000000000000e+00
6.157063976979507025e+00 4.731601198084667281e+00 4.000000000000000000e+00
4.724862538557109026e+00 4.212519584927338023e+00 4.000000000000000000e+00
3.974657180505801080e+00 5.100830846815719077e+00 4.000000000000000000e+00
6.589063551802171403e+00 5.802447437972233502e+00 4.000000000000000000e+00
5.026510498213526468e+00 5.711323634609865252e+00 4.000000000000000000e+00
4.310618608531442852e+00 5.505029824545338180e+00 4.000000000000000000e+00
3.832575249257342165e+00 3.626527395054766956e+00 4.000000000000000000e+00
4.921946782744304194e+00 5.334410026643740643e+00 4.000000000000000000e+00
4.622627392318558570e+00 7.905042415364945008e+00 4.000000000000000000e+00
7.345359418278040842e+00 4.065071836587328846e+00 4.000000000000000000e+00
4.196812179786887143e+00 4.288095598709817935e+00 4.000000000000000000e+00
4.974787144961759111e+00 6.132457830628096573e+00 4.000000000000000000e+00
4.224095497582124104e+00 4.131609255841734551e+00 4.000000000000000000e+00
5.790465714482124326e+00 6.452760814665702505e+00 4.000000000000000000e+00
5.769578447381705111e+00 5.464453032826374290e+00 4.000000000000000000e+00
5.375692162844520894e+00 5.493772435929006548e+00 4.000000000000000000e+00
4.716162442403505572e+00 4.578214011272582873e+00 4.000000000000000000e+00
2.936185389341278373e+00 4.250093898060121944e+00 4.000000000000000000e+00
5.063728413421332064e+00 4.131295076830516777e+00 4.000000000000000000e+00
5.583451285036551859e+00 4.989634203608085627e+00 4.000000000000000000e+00
3.494759484029224872e+00 4.046675169556829488e+00 4.000000000000000000e+00
3.485093843550624015e+00 3.778234002565813654e+00 4.000000000000000000e+00
5.421943456878187462e+00 5.902077036695765777e+00 4.000000000000000000e+00
3.386800859664593766e+00 4.538394559750572377e+00 4.000000000000000000e+00
4.943037139289150339e+00 5.062747037111606119e+00 4.000000000000000000e+00
4.417359580891423221e+00 4.883939144108045305e+00 4.000000000000000000e+00
5.970139963238775493e+00 3.411799044680892123e+00 4.000000000000000000e+00
5.193295451645595584e+00 3.719360478013300941e+00 4.000000000000000000e+00
5.105943393760739468e+00 5.509073291907919945e+00 4.000000000000000000e+00
5.198133516695281564e+00 4.140715430921472873e+00 4.000000000000000000e+00
4.610439003926586565e+00 4.856363287307015497e+00 4.000000000000000000e+00
5.517630768717242340e+00 2.870520102568266729e+00 4.000000000000000000e+00
5.295500496501214016e+00 7.093982274214313932e+00 4.000000000000000000e+00
5.246198717664687372e+00 4.311612502975991745e+00 4.000000000000000000e+00
2.885103963071717015e+00 3.246696102951446505e+00 4.000000000000000000e+00
3.763064767345582595e+00 4.200464242269433157e+00 4.000000000000000000e+00
5.905337696909418455e+00 6.520423740063699292e+00 4.000000000000000000e+00
4.144420650516853044e+00 4.389023492948160410e+00 4.000000000000000000e+00
6.341987020929008345e+00 4.498741590540905833e+00 4.000000000000000000e+00
4.022611076117307505e+00 5.841276834545956476e+00 4.000000000000000000e+00
3.614572612878730773e+00 5.775374822274754294e+00 4.000000000000000000e+00
4.591915417192367954e+00 5.493467783726287301e+00 4.000000000000000000e+00
6.032944473809251917e+00 4.576145150930376992e+00 4.000000000000000000e+00
4.828043242519846956e+00 5.536608925209128174e+00 4.000000000000000000e+00
6.131584993086783619e+00 5.691502490853912022e+00 4.000000000000000000e+00
5.429497570581115262e+00 4.136332106061277436e+00 4.000000000000000000e+00
4.915133737561284022e+00 6.422074473942553041e+00 4.000000000000000000e+00
4.011086610725300261e+00 3.378511047676287404e+00 4.000000000000000000e+00
5.016015596791894460e+00 5.839554475376732334e+00 4.000000000000000000e+00
3.808072531586348397e+00 5.421127899322382149e+00 4.000000000000000000e+00
5.343767740429432145e+00 4.183133841790361629e+00 4.000000000000000000e+00
5.396727907497263388e+00 4.882055915578884076e+00 4.000000000000000000e+00
4.937830392007795055e+00 7.147847719141635636e+00 4.000000000000000000e+00
5.735190015755481596e+00 4.714439498805598205e+00 4.000000000000000000e+00
4.023543101009967593e+00 3.962432441774205394e+00 4.000000000000000000e+00
4.044156284903783316e+00 3.395277108090964724e+00 4.000000000000000000e+00
3.294762830242441431e+00 5.304768654118348969e+00 4.000000000000000000e+00
6.922278786093123415e+00 4.344617009612650627e+00 4.000000000000000000e+00
3.618425965744361150e+00 4.757198392761500472e+00 4.000000000000000000e+00
5.492003601747781794e+00 5.347866790095848089e+00 4.000000000000000000e+00
4.618318546288937121e+00 4.835726934403705712e+00 4.000000000000000000e+00
4.972797211805167095e+00 3.341784514159594988e+00 4.000000000000000000e+00
4.322860536140938237e+00 6.356264069711694553e+00 4.000000000000000000e+00
3.691765408406038063e+00 5.678491934097722016e+00 4.000000000000000000e+00
4.741120103419497411e+00 6.261919721821862517e+00 4.000000000000000000e+00
3.553079122929736045e+00 4.666398299621799417e+00 4.000000000000000000e+00
5.814812532291343317e+00 4.731170481939228623e+00 4.000000000000000000e+00
6.709163005493213205e+00 4.827734615176982658e+00 4.000000000000000000e+00
6.688754823966038821e+00 5.873972091536470153e+00 4.000000000000000000e+00
3.767600837226132704e+00 5.938740866891473402e+00 4.000000000000000000e+00
4.820219892808002449e+00 4.929211093298401458e+00 4.000000000000000000e+00
3.016320664921591010e+00 3.237517281018031934e+00 4.000000000000000000e+00
4.327361235161459874e+00 5.839871777276146148e+00 4.000000000000000000e+00
5.718874148579465633e+00 3.299232802046926150e+00 4.000000000000000000e+00
5.995726933286645632e+00 5.725051872048135593e+00 4.000000000000000000e+00
2.826054457504749262e+00 5.128301498916075118e+00 4.000000000000000000e+00
6.195584029802765791e+00 4.128300816610297908e+00 4.000000000000000000e+00
4.199676265339027381e+00 5.868899986981392480e+00 4.000000000000000000e+00
5.522342970930686157e+00 6.025469156012404071e+00 4.000000000000000000e+00
4.301434134184160207e+00 5.131209126021337497e+00 4.000000000000000000e+00
4.435087685189291307e+00 3.721794526232791611e+00 4.000000000000000000e+00
5.681816111579871986e+00 3.899270425781085514e+00 4.000000000000000000e+00
6.327596514449783882e+00 4.103550644265007818e+00 4.000000000000000000e+00
3.670559047908629857e+00 3.917257636085499595e+00 4.000000000000000000e+00
4.603798447975974817e+00 5.438731023778117901e+00 4.000000000000000000e+00
3.752327058258483561e+00 5.305335933315263652e+00 4.000000000000000000e+00
5.190793195218475375e+00 4.569782097106656060e+00 4.000000000000000000e+00
5.517771815190459783e+00 4.341407556297285808e+00 4.000000000000000000e+00
6.334663184165114203e+00 4.998933521427542104e+00 4.000000000000000000e+00
5.423390544165817673e+00 5.446693748265933444e+00 4.000000000000000000e+00
5.096764879877207832e+00 5.412606722250297153e+00 4.000000000000000000e+00
3.669774542156502228e+00 5.813862123213858979e+00 4.000000000000000000e+00
6.436373553939321646e+00 3.941225553872825138e+00 4.000000000000000000e+00
9.211225937590368673e+00 6.583015689437281992e+00 5.000000000000000000e+00
9.085191850929779989e+00 4.492088699641719529e+00 5.000000000000000000e+00
1.092758829405886090e+01 6.343410068873989616e+00 5.000000000000000000e+00
9.495776582088103268e+00 5.579803861517047103e+00 5.000000000000000000e+00
8.784770402937294165e+00 5.569901142257273285e+00 5.000000000000000000e+00
1.051297729698436889e+01 4.074634750349806822e+00 5.000000000000000000e+00
1.063660884654265004e+01 5.361689125159441183e+00 5.000000000000000000e+00
8.157485650868997240e+00 5.246109782078851147e+00 5.000000000000000000e+00
1.182837555524439743e+01 5.182736285082611971e+00 5.000000000000000000e+00
1.085772408282958779e+01 4.452140781435785399e+00 5.000000000000000000e+00
8.944028701074758558e+00 7.202194961791739125e+00 5.000000000000000000e+00
9.528557277645292700e+00 5.225517571131115702e+00 5.000000000000000000e+00
1.175596317947546510e+01 3.734389553106565618e+00 5.000000000000000000e+00
1.121551808974057352e+01 4.232472994344886885e+00 5.000000000000000000e+00
7.437047325221466387e+00 2.835763054290237672e+00 5.000000000000000000e+00
9.514362346441734175e+00 4.729176593284679875e+00 5.000000000000000000e+00
1.082095991965248416e+01 4.166310326268313879e+00 5.000000000000000000e+00
9.254176028537230536e+00 3.850652487456514450e+00 5.000000000000000000e+00
9.915770744043024720e+00 4.491689006851709465e+00 5.000000000000000000e+00
1.081650468140428956e+01 4.740440556375999037e+00 5.000000000000000000e+00
9.285604441752408178e+00 4.024523590125703265e+00 5.000000000000000000e+00
9.484082587159857525e+00 4.872519673144984687e+00 5.000000000000000000e+00
1.034367918475009240e+01 5.007671036651149876e+00 5.000000000000000000e+00
1.012996886831795251e+01 4.748909171291788134e+00 5.000000000000000000e+00
8.868391893799378423e+00 6.694838406681082432e+00 5.000000000000000000e+00
1.022905029722084613e+01 5.695367609642751461e+00 5.000000000000000000e+00
8.571872866141188041e+00 3.499468950621882790e+00 5.000000000000000000e+00
1.000365217332488577e+01 4.727363820095657587e+00 5.000000000000000000e+00
1.117108507761955849e+01 4.801820628440722771e+00 5.000000000000000000e+00
1.066290017610696061e+01 5.097002882303475424e+00 5.000000000000000000e+00
9.096999448998669635e+00 3.565476470901122408e+00 5.000000000000000000e+00
1.065945240705003805e+01 4.534517142423968750e+00 5.000000000000000000e+00
1.144543067590544894e+01 3.757491966905535996e+00 5.000000000000000000e+00
9.934612551905681599e+00 4.412711648092360051e+00 5.000000000000000000e+00
7.577423675642024570e+00 5.419148902270442214e+00 5.000000000000000000e+00
1.031567115499194820e+01 4.961065978830811574e+00 5.000000000000000000e+00
1.065171702154714595e+01 4.242464530530752675e+00 5.000000000000000000e+00
8.289364686701505391e+00 7.434866901162317632e+00 5.000000000000000000e+00
1.037971747498049879e+01 4.374209476917763517e+00 5.000000000000000000e+00
1.054314334975519074e+01 4.298602262041603339e+00 5.000000000000000000e+00
1.074837843495749823e+01 4.415548522636314921e+00 5.000000000000000000e+00
8.814512061370479046e+00 5.752405153162357898e+00 5.000000000000000000e+00
1.060961945617891367e+01 6.919450205767194717e+00 5.000000000000000000e+00
1.033748934041124024e+01 5.157102249806266414e+00 5.000000000000000000e+00
9.362326068981024818e+00 5.960115557705356615e+00 5.000000000000000000e+00
1.036014700817530354e+01 3.838013338274952169e+00 5.000000000000000000e+00
1.104344348538080212e+01 3.951587700782214441e+00 5.000000000000000000e+00
1.038713204152131908e+01 5.852478373500534126e+00 5.000000000000000000e+00
9.924526745566533137e+00 5.331338731372761153e+00 5.000000000000000000e+00
9.113481924002584833e+00 4.475979234389229511e+00 5.000000000000000000e+00
8.660961537545174949e+00 5.216772289690380759e+00 5.000000000000000000e+00
1.089373599120620284e+01 3.842201852940978046e+00 5.000000000000000000e+00
8.900175330823023145e+00 5.518305687271127802e+00 5.000000000000000000e+00
8.797103825098846031e+00 5.405490660966980165e+00 5.000000000000000000e+00
1.046007548489753702e+01 3.649322390917754788e+00 5.000000000000000000e+00
1.007920635926506492e+01 6.071716350225335290e+00 5.000000000000000000e+00
9.393532201961177108e+00 2.235619466605219596e+00 5.000000000000000000e+00
9.742392113689845701e+00 4.416198958969656196e+00 5.000000000000000000e+00
9.486346383866262499e+00 3.102562884755732053e+00 5.000000000000000000e+00
8.829062206418061720e+00 5.160799198317051584e+00 5.000000000000000000e+00
9.478920006155078681e+00 4.319696267568918557e+00 5.000000000000000000e+00
1.111502348619992020e+01 5.020409428727107937e+00 5.000000000000000000e+00
9.469558174940264195e+00 6.479344583149832637e+00 5.000000000000000000e+00
1.154089069458015437e+01 5.102548856192301585e+00 5.000000000000000000e+00
1.034040873232176239e+01 4.939648952473759458e+00 5.000000000000000000e+00
9.509868290472441643e+00 4.458957953544579134e+00 5.000000000000000000e+00
1.028742353044224167e+01 6.738350082249009887e+00 5.000000000000000000e+00
1.022118520830623289e+01 5.909345589256675524e+00 5.000000000000000000e+00
1.006583647918414748e+01 4.066440099987993939e+00 5.000000000000000000e+00
9.936688962692702631e+00 5.392885784404700900e+00 5.000000000000000000e+00
9.549125191681287816e+00 6.072781672757963989e+00 5.000000000000000000e+00
9.898511496821262412e+00 7.018732937250828030e+00 5.000000000000000000e+00
1.040679807628501763e+01 3.924129297150829920e+00 5.000000000000000000e+00
9.938685021218290672e+00 5.407033359253633265e+00 5.000000000000000000e+00
1.133387889133058479e+01 5.668234980241364518e+00 5.000000000000000000e+00
8.251916115835829402e+00 3.028159041671422358e+00 5.000000000000000000e+00
1.090289310673978918e+01 5.954108046100409446e+00 5.000000000000000000e+00
9.449177013048052132e+00 5.456522775230210343e+00 5.000000000000000000e+00
8.608138946126910440e+00 4.355243955693763880e+00 5.000000000000000000e+00
8.135666389632145723e+00 3.175262792145228996e+00 5.000000000000000000e+00
9.660994231692658474e+00 5.531661773400498916e+00 5.000000000000000000e+00
9.922175218969648824e+00 5.607666098633676377e+00 5.000000000000000000e+00
1.044745542265614979e+01 4.959522170774985916e+00 5.000000000000000000e+00
1.150120458055634032e+01 5.432438651813406238e+00 5.000000000000000000e+00
9.624289280155725379e+00 5.205791061478334036e+00 5.000000000000000000e+00
1.181993748914232967e+01 5.758507687895937366e+00 5.000000000000000000e+00
1.160019775486034455e+01 4.317621226703110437e+00 5.000000000000000000e+00
1.176782896749414675e+01 4.845863785148554648e+00 5.000000000000000000e+00
9.632289957955386228e+00 4.606432807149310804e+00 5.000000000000000000e+00
9.630989863678696139e+00 4.211510567000578575e+00 5.000000000000000000e+00
1.254799107590544338e+01 3.451693938218860502e+00 5.000000000000000000e+00
9.272899167869747217e+00 5.164348040700370568e+00 5.000000000000000000e+00
9.877014914778975196e+00 5.067265955370525710e+00 5.000000000000000000e+00
9.058197160120343483e+00 5.377142260829712583e+00 5.000000000000000000e+00
8.663149317498245239e+00 3.192658254271549811e+00 5.000000000000000000e+00
1.035512586832930282e+01 6.669014781836536621e+00 5.000000000000000000e+00
1.019500422003238072e+01 5.674164671238409063e+00 5.000000000000000000e+00
9.912137239684867041e+00 3.602503962983440111e+00 5.000000000000000000e+00
1.144851555289582379e+01 3.590512155167719488e+00 5.000000000000000000e+00
8.028857268548353687e+00 5.683666118045287874e+00 5.000000000000000000e+00
