6.029220514480257975e-01 1.187181849940091460e+00 0.000000000000000000e+00
6.234216341040812459e-01 -6.192054593884253055e-01 0.000000000000000000e+00
-2.356299520193597452e+00 3.961558000647677491e-01 0.000000000000000000e+00
1.053086286236035451e-01 6.091542671289000843e-01 0.000000000000000000e+00
9.388498390061952303e-01 4.830708564193319510e-01 0.000000000000000000e+00
-6.180158259222079398e-01 -1.682328619825151472e+00 0.000000000000000000e+00
-6.299066242562318951e-01 -1.544573266706688708e+00 0.000000000000000000e+00
-1.274403998166654707e-03 1.595952832844871772e+00 0.000000000000000000e+00
-1.465117788742240412e+00 -2.245396460294550034e-01 0.000000000000000000e+00
3.333589963724696292e-01 1.345658054767860101e-01 0.000000000000000000e+00
1.009679619999055200e+00 1.138845859742304290e-01 0.000000000000000000e+00
1.866759869383117332e+00 7.457080646149449876e-01 0.000000000000000000e+00
3.613347367632354090e-01 -1.057164949672525639e-01 0.000000000000000000e+00
-2.014790074197691183e+00 -1.164486349628638617e+00 0.000000000000000000e+00
-9.337609760298606898e-02 -7.729743552029801935e-03 0.000000000000000000e+00
7.198527593526139468e-01 -4.863944362824345058e-01 0.000000000000000000e+00
-3.559402099673507069e-01 -7.518007176955107118e-01 0.000000000000000000e+00
1.943054640063200722e+00 -6.444705071363763249e-01 0.000000000000000000e+00
-4.390916753226730557e-02 -1.985408798651249751e-01 0.000000000000000000e+00
-1.315597872478367680e+00 5.099731573528056838e-01 0.000000000000000000e+00
-6.140509157710950100e-02 -4.911631746854434877e-02 0.000000000000000000e+00
-1.123965594098262688e+00 -3.565626181315842969e-01 0.000000000000000000e+00
1.451523269241011826e+00 7.094880199879158855e-01 0.000000000000000000e+00
1.628400150625423926e-01 -7.792010978667573973e-01 0.000000000000000000e+00
-9.061300321281560155e-01 7.046303289849722429e-01 0.000000000000000000e+00
-1.315842623552958557e+00 -1.182011149470561184e+00 0.000000000000000000e+00
-7.955899280844178079e-02 -3.067698125299189171e-01 0.000000000000000000e+00
-1.075281461308842834e+00 -2.319150281520760970e+00 0.000000000000000000e+00
-6.097292659345523308e-02 -2.207721562158063922e+00 0.000000000000000000e+00
-1.171999075296050075e+00 5.067990722180688579e-01 0.000000000000000000e+00
-2.343056588124676765e-01 3.409528729750406773e-01 0.000000000000000000e+00
-5.121325561457401587e-02 -1.501806328046065286e-01 0.000000000000000000e+00
-4.342973451119974126e-01 -1.356184835447467041e+00 0.000000000000000000e+00
1.238825818054245964e+00 8.937026658065306828e-01 0.000000000000000000e+00
-6.500751082249212054e-01 1.019125669720286176e+00 0.000000000000000000e+00
-9.807445632503504207e-01 7.021259941296869034e-01 0.000000000000000000e+00
-1.748879399575453963e-01 1.178361448838953329e+00 0.000000000000000000e+00
-1.014013899169863953e+00 -3.648332171325303630e-01 0.000000000000000000e+00
-1.515329142076792035e+00 1.919721493635364373e+00 0.000000000000000000e+00
-7.901611685760931980e-01 1.824917878157473083e+00 0.000000000000000000e+00
-9.752430117812307397e-01 -3.400311612667980543e-01 0.000000000000000000e+00
-3.605391827428472973e-01 3.404300486413476268e-01 0.000000000000000000e+00
-7.900372555700783117e-01 -1.379776844175838457e-01 0.000000000000000000e+00
6.184430141781285251e-01 1.074649859630149917e+00 0.000000000000000000e+00
7.315394450682345395e-01 -2.270111956145192886e-02 0.000000000000000000e+00
1.359896827800098462e+00 5.029682016436601844e-01 0.000000000000000000e+00
-1.153605126192832175e+00 1.023760456317604151e+00 0.000000000000000000e+00
8.053593771300493476e-01 3.252978823838858363e-02 0.000000000000000000e+00
-5.527178385684411444e-01 -1.116288276758981235e+00 0.000000000000000000e+00
2.238160421412270562e+00 -5.459577644114853995e-02 0.000000000000000000e+00
-1.463966260101973393e+00 4.776036728486791616e-01 0.000000000000000000e+00
5.424597756118529901e-01 7.529424414444393920e-02 0.000000000000000000e+00
-1.996577925809085996e-01 -1.803781536087224191e-01 0.000000000000000000e+00
1.385067739649430640e+00 -1.584234945449058407e-01 0.000000000000000000e+00
-5.466481265303998471e-01 -1.672254673850808587e-02 0.000000000000000000e+00
7.980984293460062773e-01 1.164769152418048570e+00 0.000000000000000000e+00
-2.104414211628986148e-02 1.579085569902659358e+00 0.000000000000000000e+00
6.919538865545826235e-03 1.307929419095002821e+00 0.000000000000000000e+00
5.928305456155733661e-04 -4.984385460463747197e-01 0.000000000000000000e+00
7.370742602337388982e-01 1.109078487174174343e+00 0.000000000000000000e+00
1.227429767695507934e+00 8.224501896669984304e-04 0.000000000000000000e+00
-9.508667059729851712e-01 -4.048239450628860481e-01 0.000000000000000000e+00
1.766608207859758084e-01 -2.149179088577632513e+00 0.000000000000000000e+00
4.500705255974958921e-03 -9.761966893781399979e-02 0.000000000000000000e+00
4.055765834648719093e-01 5.483230455265867276e-01 0.000000000000000000e+00
-4.359102748313252451e-02 -6.895775717118705073e-01 0.000000000000000000e+00
1.771072176991845271e-01 -6.920962880281225083e-01 0.000000000000000000e+00
-1.423280492327799740e+00 -4.911849074724266018e-01 0.000000000000000000e+00
4.458928075414961834e-01 -2.050556498932341043e+00 0.000000000000000000e+00
6.852244436981079767e-01 -8.968538739003434346e-01 0.000000000000000000e+00
5.836830964420611778e-01 -2.008571110147910552e-02 0.000000000000000000e+00
8.003610339116231653e-01 2.812395891723707408e-01 0.000000000000000000e+00
1.059346508343879112e+00 -1.887453014145811792e-01 0.000000000000000000e+00
1.680520441376408824e-01 -4.156394230938224021e-01 0.000000000000000000e+00
2.684398114917719846e-01 5.332290072286939298e-01 0.000000000000000000e+00
-3.832552558631976969e-03 5.432996320187349903e-01 0.000000000000000000e+00
-1.153803624204595701e+00 -6.998465194981423609e-01 0.000000000000000000e+00
-9.853920258747271843e-01 -3.765462789679696054e-01 0.000000000000000000e+00
-3.881215636553020376e-01 1.357661829118526509e+00 0.000000000000000000e+00
-9.031933130337775895e-01 2.738042723125306832e-01 0.000000000000000000e+00
1.191056824204585141e+00 1.334360841548183130e+00 0.000000000000000000e+00
-4.550701859146438766e-01 -1.544875752737877653e-02 0.000000000000000000e+00
1.661898422719108259e+00 1.400518173993417603e+00 0.000000000000000000e+00
5.566522711841010995e-01 -2.990819002546170058e-01 0.000000000000000000e+00
1.095629333033398156e+00 1.279420306844707200e+00 0.000000000000000000e+00
-5.612205880026857607e-02 -4.733723386646341846e-01 0.000000000000000000e+00
1.748351886011203948e+00 4.494432122321554424e-01 0.000000000000000000e+00
1.500526650328696698e+00 -6.282948508624173201e-01 0.000000000000000000e+00
9.707020393797373137e-01 -1.269158713662392302e+00 0.000000000000000000e+00
7.272240753543793290e-02 7.087004488545342040e-01 0.000000000000000000e+00
-3.047997752295803497e-01 -7.860666666038746975e-01 0.000000000000000000e+00
3.871978366236227820e-01 -3.445429742887320401e-01 0.000000000000000000e+00
3.561832188724727288e-01 -1.711649260425309960e+00 0.000000000000000000e+00
-4.061526033361324561e-01 -2.035015454774447563e-01 0.000000000000000000e+00
-1.096718570802752701e+00 2.487590929907264603e-01 0.000000000000000000e+00
-1.439260570306461817e+00 2.935561807912149268e-01 0.000000000000000000e+00
7.779645026994607138e-01 4.357513449208323952e-01 0.000000000000000000e+00
-6.654960331893161607e-01 5.709947364054773766e-01 0.000000000000000000e+00
7.908454365896087079e-01 -1.159779073217040768e+00 0.000000000000000000e+00
-6.206736660117748716e-01 -3.869886441541197097e-01 0.000000000000000000e+00
5.692425059631344375e+00 8.774331305201651388e-01 1.000000000000000000e+00
5.673841010574166788e+00 2.207983235568913571e-01 1.000000000000000000e+00
5.020155673051214684e+00 -1.144613113095760193e+00 1.000000000000000000e+00
5.482692275022314377e+00 9.584555611530755082e-01 1.000000000000000000e+00
5.396321104443011940e+00 -5.577681062312969118e-01 1.000000000000000000e+00
6.179556472298711967e+00 -2.687054571451513718e-01 1.000000000000000000e+00
5.087036381992632528e+00 -4.021708538481983952e-01 1.000000000000000000e+00
3.985650602177755797e+00 -1.412330341604686845e+00 1.000000000000000000e+00
4.549280017554857558e+00 -1.500067961695689567e+00 1.000000000000000000e+00
6.016746652630935444e+00 -1.592982955635505515e+00 1.000000000000000000e+00
6.727851444146642379e+00 -8.067646134536160529e-01 1.000000000000000000e+00
4.486270851846470009e+00 -6.478376314365987820e-01 1.000000000000000000e+00
4.462245610960041908e+00 -6.571276997054253943e-01 1.000000000000000000e+00
5.745874116472752036e+00 1.197239658512468052e+00 1.000000000000000000e+00
3.389471883242466621e+00 -9.788750039323779184e-01 1.000000000000000000e+00
5.873043586604691058e+00 -9.080149433027328021e-01 1.000000000000000000e+00
7.553983197277123196e+00 -1.562095722122655683e+00 1.000000000000000000e+00
5.002109357423321079e+00 -1.980840372612838740e+00 1.000000000000000000e+00
4.923898990089658589e+00 -1.030779561944290101e+00 1.000000000000000000e+00
5.278237308099670955e+00 -1.207216535076538338e-01 1.000000000000000000e+00
4.213413650065430893e+00 2.478413276970619639e-01 1.000000000000000000e+00
4.989002582852284817e+00 9.929823257757425248e-01 1.000000000000000000e+00
4.677425773854054114e+00 -1.074166053147049826e+00 1.000000000000000000e+00
2.715862848863969781e+00 -1.413950691487972477e+00 1.000000000000000000e+00
5.031490639037322410e+00 -9.873163315310386212e-02 1.000000000000000000e+00
4.983780028130237127e+00 -1.296807511468354157e-01 1.000000000000000000e+00
6.547084469526708972e+00 2.889312516134570075e-01 1.000000000000000000e+00
3.468658855762558169e+00 -9.118204945033584474e-01 1.000000000000000000e+00
5.241085723165785915e+00 4.028674765375184208e-01 1.000000000000000000e+00
4.069414816946559377e+00 -2.681863731581293764e-01 1.000000000000000000e+00
5.440155152931802185e+00 -2.739745621040759471e-01 1.000000000000000000e+00
5.887828533004146436e+00 8.786091809759500881e-01 1.000000000000000000e+00
5.504688297322415380e+00 -7.143677704975043286e-02 1.000000000000000000e+00
5.626553579291368123e+00 4.666251669577702321e-01 1.000000000000000000e+00
4.688211386696557348e+00 -5.261328968532775763e-01 1.000000000000000000e+00
5.604544153300860643e+00 -1.782767432976881006e+00 1.000000000000000000e+00
5.261945545888553788e+00 -1.818630964113683746e+00 1.000000000000000000e+00
5.332376019105610432e+00 -1.840317048214808793e+00 1.000000000000000000e+00
3.510852165224967791e+00 3.978981178097518168e-01 1.000000000000000000e+00
4.199608042616306491e+00 8.893462400463377771e-01 1.000000000000000000e+00
5.236871840625212826e+00 3.697172969641564499e-01 1.000000000000000000e+00
3.200006913596329383e+00 -5.564780296932184678e-01 1.000000000000000000e+00
4.598757529214376305e+00 7.166165829801951492e-01 1.000000000000000000e+00
5.416040870409131180e+00 2.329526221339711378e-01 1.000000000000000000e+00
5.762471543737369473e+00 2.364255370794702826e-01 1.000000000000000000e+00
4.217327466428693050e+00 -1.484272035833940739e+00 1.000000000000000000e+00
5.055853192830031873e+00 2.396597427062574504e-01 1.000000000000000000e+00
3.983031840039040095e+00 -1.347101946859875776e-01 1.000000000000000000e+00
5.965521410599398777e+00 1.156797921704106891e+00 1.000000000000000000e+00
4.944141898846448058e+00 -3.636936727715232021e-01 1.000000000000000000e+00
6.999482639132308393e+00 1.634058806505823691e+00 1.000000000000000000e+00
4.904145065963869676e+00 -3.192420891778966485e-01 1.000000000000000000e+00
5.636761474980541031e+00 -6.641113815346384452e-01 1.000000000000000000e+00
5.721001646067623625e+00 5.506373475109035409e-01 1.000000000000000000e+00
3.007520215924917029e+00 2.543321743041926375e-01 1.000000000000000000e+00
4.572921535748921684e+00 -1.576427808694277621e-01 1.000000000000000000e+00
5.655405110763004117e+00 1.093254287929978225e-01 1.000000000000000000e+00
4.641841683983129130e+00 -4.293906856931204996e-01 1.000000000000000000e+00
8.342598364126763144e+00 -3.961262042399370520e-01 1.000000000000000000e+00
3.702382951660244892e+00 1.862974403771419096e-01 1.000000000000000000e+00
5.064848871088021731e+00 3.493926943455450546e-02 1.000000000000000000e+00
4.622504840116822500e+00 -4.580824162984562520e-01 1.000000000000000000e+00
6.744237966319573729e+00 1.309512590883340211e-01 1.000000000000000000e+00
5.637111091151729703e+00 5.563786050531676075e-01 1.000000000000000000e+00
6.680550700265594166e+00 6.573469866246967053e-01 1.000000000000000000e+00
7.184408546689708963e+00 -4.523445743457895074e-01 1.000000000000000000e+00
4.957714249134380857e+00 6.069862448254694787e-01 1.000000000000000000e+00
4.857107326032862105e+00 -3.466560612879990289e-01 1.000000000000000000e+00
5.400999555667605811e+00 5.947906070905327747e-01 1.000000000000000000e+00
5.189044538310330523e+00 -9.001188203182493019e-01 1.000000000000000000e+00
3.179058974408619953e+00 1.272075393277376287e+00 1.000000000000000000e+00
4.613898407265958568e+00 -3.029846631773625565e-01 1.000000000000000000e+00
5.396945365911385295e+00 -4.364505210342367048e-01 1.000000000000000000e+00
5.341778223774667822e+00 -1.104885869194524028e+00 1.000000000000000000e+00
4.375428158410572976e+00 -4.439191435978587230e-01 1.000000000000000000e+00
4.767047841800851060e+00 -4.016154603471169260e-01 1.000000000000000000e+00
4.774737119431536669e+00 1.042683156182542481e+00 1.000000000000000000e+00
5.102631463509094800e+00 1.464261433600362317e+00 1.000000000000000000e+00
6.187865633059637105e+00 7.799676565007407358e-01 1.000000000000000000e+00
3.898699478587157152e+00 1.092175522870464238e-01 1.000000000000000000e+00
6.333674692055404343e+00 -1.310019014179412966e-01 1.000000000000000000e+00
5.739221819897704080e+00 6.631982688899157319e-01 1.000000000000000000e+00
4.038697863621918849e+00 -2.408225203642102852e-01 1.000000000000000000e+00
6.105487928443510626e+00 -1.055815081709130077e+00 1.000000000000000000e+00
5.085372346113834929e+00 -6.026895583300843073e-01 1.000000000000000000e+00
4.535824778973599258e+00 7.897562609105763798e-01 1.000000000000000000e+00
5.571593861918491264e+00 1.591433840630558372e+00 1.000000000000000000e+00
6.236991089247766240e+00 2.937294366139788782e-01 1.000000000000000000e+00
5.554728843514834757e+00 3.750865283290143459e-01 1.000000000000000000e+00
3.367010579810959303e+00 -1.620352530925029885e-02 1.000000000000000000e+00
5.376068015045891713e+00 -2.787405264704652996e+00 1.000000000000000000e+00
4.777299436533923860e+00 -3.233131653499446978e-01 1.000000000000000000e+00
5.081975343922007227e+00 1.153990920064073222e+00 1.000000000000000000e+00
4.401011420469137292e+00 -7.369600483707112737e-01 1.000000000000000000e+00
3.515581327013765467e+00 -2.654830816856266207e-01 1.000000000000000000e+00
4.585550590340552013e+00 5.576979767056394754e-01 1.000000000000000000e+00
5.131484728186593181e+00 3.082855691214658744e-01 1.000000000000000000e+00
4.487724866403519641e+00 1.401843266060291693e-01 1.000000000000000000e+00
5.236170355159032397e+00 2.160490618582685318e+00 1.000000000000000000e+00
5.256058073608364190e+00 6.952669125723474064e-01 1.000000000000000000e+00
1.017395617875533453e+01 -4.735348342819734047e-01 2.000000000000000000e+00
9.906211041612015933e+00 6.842244508443575679e-01 2.000000000000000000e+00
1.055815644587828039e+01 6.422173740489187654e-01 2.000000000000000000e+00
1.098932743651375432e+01 6.393305499197440289e-01 2.000000000000000000e+00
1.125479116689184522e+01 -4.774415227977055753e-01 2.000000000000000000e+00
9.528914035419237649e+00 -1.964184392569280346e+00 2.000000000000000000e+00
1.237767407904890860e+01 1.065645671867547328e+00 2.000000000000000000e+00
8.159318772839412759e+00 -2.002468398988780651e-01 2.000000000000000000e+00
9.638433087647857889e+00 1.580970832775734358e+00 2.000000000000000000e+00
1.163988926736444718e+01 9.272067646457130552e-01 2.000000000000000000e+00
1.052171249148619481e+01 6.438660694065478918e-01 2.000000000000000000e+00
8.329523259111276445e+00 -8.793547175399205051e-02 2.000000000000000000e+00
9.686124287593340654e+00 3.768972013689641520e-01 2.000000000000000000e+00
1.038328039901660382e+01 6.876084689363213265e-01 2.000000000000000000e+00
1.119437902773952587e+01 -9.065380731392305158e-01 2.000000000000000000e+00
1.026374819411249106e+01 -6.665684879286766229e-01 2.000000000000000000e+00
1.175307545136469223e+01 -1.721610514148665727e+00 2.000000000000000000e+00
8.320019998983243070e+00 -1.325351322312931845e+00 2.000000000000000000e+00
9.890108105575940556e+00 -1.567244236383961820e+00 2.000000000000000000e+00
8.915819082345549873e+00 4.036791189843723648e-01 2.000000000000000000e+00
1.016670044499107561e+01 2.749244955096937226e-01 2.000000000000000000e+00
1.013927811878046015e+01 -1.504893569658492858e+00 2.000000000000000000e+00
1.094282245576745183e+01 -5.001466434642004577e-01 2.000000000000000000e+00
1.146305320221305912e+01 1.093150812058360621e+00 2.000000000000000000e+00
9.511155511000334073e+00 5.586232401248822921e-01 2.000000000000000000e+00
9.808274161890979670e+00 1.990636835026043938e-01 2.000000000000000000e+00
1.093827575463573609e+01 -1.400506285802494144e-01 2.000000000000000000e+00
1.185833957163810126e+01 -4.747821551399652451e-01 2.000000000000000000e+00
8.125629019458667557e+00 1.080865260593802946e+00 2.000000000000000000e+00
1.089358855912991686e+01 -8.591300895060741682e-01 2.000000000000000000e+00
9.575062544241129459e+00 -1.957652738862190711e+00 2.000000000000000000e+00
1.091174228518913303e+01 -6.977183600672115515e-01 2.000000000000000000e+00
1.045728157448694162e+01 1.432554474203699080e+00 2.000000000000000000e+00
1.130017972993583086e+01 -1.417740647508960228e+00 2.000000000000000000e+00
8.454551657768098138e+00 1.876741095827738071e-01 2.000000000000000000e+00
8.435841729907359365e+00 -6.337281811942701015e-01 2.000000000000000000e+00
9.817262055077028648e+00 5.034035735183537558e-02 2.000000000000000000e+00
9.933278628791471832e+00 -2.897413803535899279e-01 2.000000000000000000e+00
1.021815941095215408e+01 1.610491253836909831e+00 2.000000000000000000e+00
9.739822361152654651e+00 -2.540168150391092783e-01 2.000000000000000000e+00
8.764731015227827271e+00 1.298814473434996453e+00 2.000000000000000000e+00
1.063370153345497471e+01 -1.485783552407039743e+00 2.000000000000000000e+00
9.730542149950725417e+00 7.087287838169578080e-01 2.000000000000000000e+00
8.241279787616576868e+00 1.622430451866691437e+00 2.000000000000000000e+00
1.055511258597855040e+01 -1.428904506623322135e+00 2.000000000000000000e+00
9.312449657337845466e+00 1.174280455248805310e+00 2.000000000000000000e+00
1.004412431851996423e+01 4.895429842289120703e-01 2.000000000000000000e+00
1.011355869056475676e+01 -7.463987317529691135e-01 2.000000000000000000e+00
8.176969597635579845e+00 1.009298106818973917e+00 2.000000000000000000e+00
1.042153416048924619e+01 9.016315550676410329e-01 2.000000000000000000e+00
9.574150057562064831e+00 -9.730570207407603089e-02 2.000000000000000000e+00
9.311309503435975188e+00 -3.332994114903721217e-01 2.000000000000000000e+00
1.091208399756619229e+01 4.575699795196831454e-01 2.000000000000000000e+00
1.000245666615952800e+01 1.296094638711392522e+00 2.000000000000000000e+00
9.105506526464504091e+00 -1.672965676878359481e-02 2.000000000000000000e+00
1.206439809073993530e+01 -3.366476267724538562e-01 2.000000000000000000e+00
9.680894623850063496e+00 3.770770252283222046e-01 2.000000000000000000e+00
1.178043172603038613e+01 6.063101249392964798e-01 2.000000000000000000e+00
1.197104406322961800e+01 1.137875704435914459e+00 2.000000000000000000e+00
8.213282250674236451e+00 -5.357772003812140138e-01 2.000000000000000000e+00
8.150094312634628579e+00 -7.033827806094863910e-02 2.000000000000000000e+00
8.754041770300498015e+00 1.231573709146351059e-01 2.000000000000000000e+00
1.003896597164453475e+01 -5.613589372630319874e-01 2.000000000000000000e+00
9.191290796679176367e+00 2.439360323196214375e-01 2.000000000000000000e+00
9.012936898282360332e+00 -6.161817966801143992e-02 2.000000000000000000e+00
1.003489252495113249e+01 2.202476594079248451e-01 2.000000000000000000e+00
1.060298328788522682e+01 -1.540964232764291175e+00 2.000000000000000000e+00
9.581689594628073792e+00 2.344678894773849276e+00 2.000000000000000000e+00
9.880737257165590037e+00 -8.268616502012841041e-01 2.000000000000000000e+00
1.075644547713031862e+01 1.008886187072655094e+00 2.000000000000000000e+00
1.007483913947212528e+01 1.800061217368847388e-01 2.000000000000000000e+00
8.943613675262120921e+00 -3.329732447872379986e-01 2.000000000000000000e+00
1.009440159236367229e+01 -1.568056518918534481e+00 2.000000000000000000e+00
1.004456997706880195e+01 1.262277788834601233e-01 2.000000000000000000e+00
9.823035509196580861e+00 9.781430494237366435e-01 2.000000000000000000e+00
1.086085904728704499e+01 -7.874689457641558255e-01 2.000000000000000000e+00
9.472756511302906191e+00 -8.222954711362323588e-01 2.000000000000000000e+00
8.768262308709957153e+00 1.414891938489187151e+00 2.000000000000000000e+00
1.033661024349133939e+01 1.637062747377427546e-02 2.000000000000000000e+00
9.964126886142704365e+00 5.653878801914145047e-01 2.000000000000000000e+00
1.221400877255245732e+01 -8.217688410720425107e-01 2.000000000000000000e+00
8.604808740655151666e+00 2.932973949847799577e+00 2.000000000000000000e+00
1.117084208912104515e+01 -3.204237601703510685e-01 2.000000000000000000e+00
9.044211426925652830e+00 8.906589216738720616e-01 2.000000000000000000e+00
8.910743154740604410e+00 1.641799212439101652e+00 2.000000000000000000e+00
1.089438944278069243e+01 -6.322186475696158769e-01 2.000000000000000000e+00
1.055828888694114731e+01 -6.325598442304631863e-01 2.000000000000000000e+00
9.472569892993346841e+00 -6.408826141503001228e-01 2.000000000000000000e+00
1.036909424177130035e+01 -1.808755415359093455e+00 2.000000000000000000e+00
8.984343165091825512e+00 -4.368591250720498254e-01 2.000000000000000000e+00
9.248861545221650715e+00 4.887488168791953025e-01 2.000000000000000000e+00
1.148857087698839763e+01 -1.682893778606220636e-01 2.000000000000000000e+00
1.146940162426923138e+01 -6.674698088266350915e-01 2.000000000000000000e+00
1.130641680558282225e+01 -5.003295610619790112e-01 2.000000000000000000e+00
9.302738107151078850e+00 1.180444706840336200e-01 2.000000000000000000e+00
9.524317969895141900e+00 8.700044558735896549e-01 2.000000000000000000e+00
9.159616704508591667e+00 -4.726578980800051899e-01 2.000000000000000000e+00
9.677699390762095177e+00 -9.222840874531917097e-04 2.000000000000000000e+00
1.112248870691177949e+01 1.501134079899850704e+00 2.000000000000000000e+00
1.132460747573565385e+01 -5.200242784129589513e-01 2.000000000000000000e+00
1.425042057359543968e+01 5.859972477121961898e-01 3.000000000000000000e+00
1.420866297251891197e+01 -9.093589477227327356e-01 3.000000000000000000e+00
1.654426920918862720e+01 -1.239713862440125380e+00 3.000000000000000000e+00
1.518434859469426890e+01 -1.057013965494808527e+00 3.000000000000000000e+00
1.429105905468619575e+01 -4.824479895147976705e-01 3.000000000000000000e+00
1.474177140789532992e+01 -5.976336696508415258e-01 3.000000000000000000e+00
1.445187118995990083e+01 -1.007561590209778285e-01 3.000000000000000000e+00
1.467368320106985280e+01 6.215186503202835278e-01 3.000000000000000000e+00
1.482870334068264206e+01 5.457422904015408749e-01 3.000000000000000000e+00
1.538490951772999438e+01 -2.130149425973945299e+00 3.000000000000000000e+00
1.658250413993054551e+01 -1.980187793796241158e-01 3.000000000000000000e+00
1.486773995160708850e+01 -9.888771550721898729e-01 3.000000000000000000e+00
1.569641403892595122e+01 1.256557348693848608e+00 3.000000000000000000e+00
1.552157221164618051e+01 -1.706339970974132703e+00 3.000000000000000000e+00
1.526635919078807291e+01 3.135497670644742385e+00 3.000000000000000000e+00
1.494803087813951592e+01 1.184392129295501334e-01 3.000000000000000000e+00
1.536453515345192677e+01 7.756831391805436571e-01 3.000000000000000000e+00
1.618329213256829391e+01 5.514866004581615577e-01 3.000000000000000000e+00
1.627772276897643167e+01 1.685024195369041466e+00 3.000000000000000000e+00
1.490090809995997390e+01 2.417162979597295092e+00 3.000000000000000000e+00
1.449009756709728158e+01 -2.181139999756228631e-01 3.000000000000000000e+00
1.562431095365487188e+01 -1.371772307856159723e-01 3.000000000000000000e+00
1.438106565774345746e+01 -1.401303833165472856e-01 3.000000000000000000e+00
1.583873744734214029e+01 -6.033924441649752834e-01 3.000000000000000000e+00
1.573796659312671586e+01 -9.687223223994813059e-01 3.000000000000000000e+00
1.726976336871819484e+01 3.610261867890811605e-01 3.000000000000000000e+00
1.527646135722171117e+01 -1.589313812010318960e+00 3.000000000000000000e+00
1.553733950099104710e+01 1.399159694114202324e-01 3.000000000000000000e+00
1.503277540270664403e+01 6.408621822975713034e-01 3.000000000000000000e+00
1.637781839424076580e+01 -9.452011169917062805e-01 3.000000000000000000e+00
1.544330986204892042e+01 2.536490288790219649e-01 3.000000000000000000e+00
1.419969160139072351e+01 6.949166251239279335e-01 3.000000000000000000e+00
1.506826585181126532e+01 1.345110420519974870e+00 3.000000000000000000e+00
1.601034039215148042e+01 1.692083692917606963e-01 3.000000000000000000e+00
1.565536553169716605e+01 -2.716985464718237320e-01 3.000000000000000000e+00
1.555712606190159697e+01 -7.189755944987396008e-01 3.000000000000000000e+00
1.446597998850585043e+01 -1.281641489881296891e+00 3.000000000000000000e+00
1.324728999553657260e+01 5.954565882083318051e-01 3.000000000000000000e+00
1.412709191517827634e+01 8.849146804493023266e-01 3.000000000000000000e+00
1.461033589882076100e+01 1.447858941447462522e+00 3.000000000000000000e+00
1.406620462944304606e+01 1.352257133974979153e+00 3.000000000000000000e+00
1.479710350084559956e+01 6.864703944136331115e-01 3.000000000000000000e+00
1.543459371038389705e+01 2.270787488079287098e+00 3.000000000000000000e+00
1.656087953602312979e+01 -1.439435240548983863e+00 3.000000000000000000e+00
1.597703029122573604e+01 -5.857984609200577175e-01 3.000000000000000000e+00
1.389664636453156099e+01 1.600406771621223356e+00 3.000000000000000000e+00
1.674687265986073470e+01 -6.435859193194345407e-01 3.000000000000000000e+00
1.264092258340132169e+01 -2.834003800383517735e-01 3.000000000000000000e+00
1.341505589306488666e+01 -1.196232900983672076e+00 3.000000000000000000e+00
1.479506948600460348e+01 -7.180362998588786239e-01 3.000000000000000000e+00
1.518950983547902922e+01 5.154123192118491570e-01 3.000000000000000000e+00
1.424030771536765450e+01 2.065875213713874281e+00 3.000000000000000000e+00
1.616929406112400613e+01 -6.951521992013185436e-01 3.000000000000000000e+00
1.386365101627407803e+01 1.598037215586625703e-01 3.000000000000000000e+00
1.411462588685052033e+01 1.379231951727404093e+00 3.000000000000000000e+00
1.375882378222930846e+01 3.817618910227715823e-01 3.000000000000000000e+00
1.530563791472097179e+01 -6.042631728275860148e-01 3.000000000000000000e+00
1.378836457050447173e+01 -8.943429731427397777e-02 3.000000000000000000e+00
1.562506674669615947e+01 -1.241561198012582912e+00 3.000000000000000000e+00
1.636317980107499181e+01 -2.044805144190886548e+00 3.000000000000000000e+00
1.436385320635650231e+01 9.541431127968325043e-01 3.000000000000000000e+00
1.471340904211511180e+01 -2.390008413772034823e-01 3.000000000000000000e+00
1.357034017899107603e+01 -1.143385422828705034e+00 3.000000000000000000e+00
1.381978313229266675e+01 2.919115052890527418e-01 3.000000000000000000e+00
1.457610361991512704e+01 2.814488092481187698e-01 3.000000000000000000e+00
1.480581429840080254e+01 -8.276179022824060594e-01 3.000000000000000000e+00
1.485084320253584522e+01 -3.717131430965600059e-01 3.000000000000000000e+00
1.605026427691192836e+01 -4.092198156102090367e-01 3.000000000000000000e+00
1.524297390293686938e+01 -7.691984208805009715e-02 3.000000000000000000e+00
1.428048858133083776e+01 -5.404532048349595108e-01 3.000000000000000000e+00
1.446484006928855237e+01 9.660065133398820780e-01 3.000000000000000000e+00
1.480245650230046373e+01 6.337063473537025704e-01 3.000000000000000000e+00
1.375301165029303085e+01 -6.959737600529983803e-01 3.000000000000000000e+00
1.620665424798890442e+01 9.258464211369131780e-01 3.000000000000000000e+00
1.563212270063800524e+01 -1.128373846759732846e+00 3.000000000000000000e+00
1.398998539424576570e+01 4.767496314320407991e-01 3.000000000000000000e+00
1.565394622184852125e+01 6.710790250691652803e-01 3.000000000000000000e+00
1.506110683621097301e+01 2.374268728246422544e-01 3.000000000000000000e+00
1.310449763434694859e+01 4.597014063485292956e-01 3.000000000000000000e+00
1.437457816723089188e+01 -1.559245351838422389e+00 3.000000000000000000e+00
1.588483197669919811e+01 -1.043784515671597690e+00 3.000000000000000000e+00
1.496729077068710545e+01 4.192512578960535530e-01 3.000000000000000000e+00
1.438900580149681119e+01 2.369047977902073721e-01 3.000000000000000000e+00
1.379049298517662692e+01 3.838568476065873925e-01 3.000000000000000000e+00
1.432796217893544544e+01 -1.790745298923305251e+00 3.000000000000000000e+00
1.541274382159604706e+01 1.206758499899836634e+00 3.000000000000000000e+00
1.470963869125563761e+01 2.610360637754073898e-01 3.000000000000000000e+00
1.388390136470479064e+01 -6.268113846258092092e-01 3.000000000000000000e+00
1.566193842822823434e+01 7.308310274634449710e-01 3.000000000000000000e+00
1.610594501605696394e+01 -1.551646419654606701e+00 3.000000000000000000e+00
1.575460112668880441e+01 -7.510480044211427231e-01 3.000000000000000000e+00
1.476957491013060952e+01 -5.183339077054424093e-01 3.000000000000000000e+00
1.571849252288238930e+01 4.434724038465395202e-01 3.000000000000000000e+00
1.354685079781873824e+01 -1.181115803735870218e+00 3.000000000000000000e+00
1.458116159406455203e+01 -3.690095187257376175e-01 3.000000000000000000e+00
1.581033829330796614e+01 9.750253490946493296e-01 3.000000000000000000e+00
1.437506679832477197e+01 -1.267445219799966827e+00 3.000000000000000000e+00
1.611661843242825753e+01 7.237143520543182218e-01 3.000000000000000000e+00
1.680684736762308518e+01 1.544323297900123793e+00 3.000000000000000000e+00
1.397257623331209864e+01 -1.095817815422877262e+00 3.000000000000000000e+00
-5.230859388999176129e-01 2.897101227479192076e+00 4.000000000000000000e+00
-9.491382639606132932e-01 4.617224828836551609e+00 4.000000000000000000e+00
7.346317970652476159e-01 3.584854184788738074e+00 4.000000000000000000e+00
-1.125010534382026722e-01 4.467080479369394119e+00 4.000000000000000000e+00
-1.646953338783751830e+00 5.431888000349738732e+00 4.000000000000000000e+00
6.467868526241435934e-01 4.724943678517475654e+00 4.000000000000000000e+00
-1.957455229640545913e-01 4.226071729774607100e+00 4.000000000000000000e+00
5.521635343260701267e-01 4.887899433432035146e+00 4.000000000000000000e+00
-1.337364210528012021e-01 4.857314744130539097e+00 4.000000000000000000e+00
9.731470972335372061e-01 6.225305004627213812e+00 4.000000000000000000e+00
-8.601460339804437583e-01 4.762572170174223629e+00 4.000000000000000000e+00
6.747819001174809594e-01 5.963703572375468553e+00 4.000000000000000000e+00
9.499469405701405078e-01 5.281941415175667842e+00 4.000000000000000000e+00
1.030517664891718255e+00 4.889925896926077264e+00 4.000000000000000000e+00
-1.313022421805812412e+00 3.600808905037371055e+00 4.000000000000000000e+00
-9.438167232660454875e-01 5.465270680835694783e+00 4.000000000000000000e+00
6.726936991150477274e-01 4.161764916886606436e+00 4.000000000000000000e+00
1.086066273898167900e+00 4.484052282448267590e+00 4.000000000000000000e+00
1.543320496212705839e+00 5.936297344039471291e+00 4.000000000000000000e+00
5.424356040784794608e-01 4.231751714213142002e+00 4.000000000000000000e+00
7.558397678543637976e-01 4.640437664992528077e+00 4.000000000000000000e+00
-5.127524104880519795e-01 3.710585452112282745e+00 4.000000000000000000e+00
-3.315481885365504922e-01 6.623510515043994573e+00 4.000000000000000000e+00
9.021387167497272319e-01 5.094229805156712310e+00 4.000000000000000000e+00
-7.077595254144269932e-01 3.540521754579002423e+00 4.000000000000000000e+00
-5.173618005984061963e-01 5.577337271541088271e+00 4.000000000000000000e+00
-1.015606060487969781e-01 3.328884631030980756e+00 4.000000000000000000e+00
1.322785505018613528e-01 5.262786639363330465e+00 4.000000000000000000e+00
1.036067266798020414e+00 4.744567818641534096e+00 4.000000000000000000e+00
1.961703618368618507e+00 3.925559654688957067e+00 4.000000000000000000e+00
-9.331463784254365734e-01 5.822427317639139233e+00 4.000000000000000000e+00
-1.601310913832577343e-01 3.544714969683045780e+00 4.000000000000000000e+00
1.253450970336560388e+00 4.240741864132551164e+00 4.000000000000000000e+00
6.017004008347787147e-01 3.833551280941611239e+00 4.000000000000000000e+00
1.241618977561273596e+00 5.881317332440340273e+00 4.000000000000000000e+00
-1.351769549198939879e+00 4.783127187717342466e+00 4.000000000000000000e+00
-1.813342014251192180e-01 4.031227541583177754e+00 4.000000000000000000e+00
-9.633724186882639540e-01 5.477663828838593041e+00 4.000000000000000000e+00
1.598539070046893329e+00 5.100862146882088055e+00 4.000000000000000000e+00
4.804515357717969448e-01 5.214652084255736675e+00 4.000000000000000000e+00
3.346701480472988322e-01 5.555536161671698281e+00 4.000000000000000000e+00
5.286319380432887849e-01 3.964634906259054237e+00 4.000000000000000000e+00
1.091758847994111159e+00 4.935965092610135940e+00 4.000000000000000000e+00
1.167320228698910611e+00 4.854528602367141232e+00 4.000000000000000000e+00
-1.620273692708774194e+00 5.939671259581055907e+00 4.000000000000000000e+00
9.942088199028673023e-02 5.017514506219667325e+00 4.000000000000000000e+00
-2.699874244212637983e-02 4.388177110897953703e+00 4.000000000000000000e+00
1.526417739922595329e-01 6.369223184571493945e+00 4.000000000000000000e+00
7.270615103916241440e-01 5.468338754832064552e+00 4.000000000000000000e+00
-1.239911380307134603e-01 5.728424601179108677e+00 4.000000000000000000e+00
2.444415693350957264e-01 5.181940360973841031e+00 4.000000000000000000e+00
2.348991316133430818e+00 4.129563932953669081e+00 4.000000000000000000e+00
3.631565788341841183e-01 4.051574486593214175e+00 4.000000000000000000e+00
-2.256583473745462420e+00 5.037947358791784680e+00 4.000000000000000000e+00
1.546183812363319809e+00 4.563278767095007460e+00 4.000000000000000000e+00
1.895520354625548576e+00 4.259820714437583256e+00 4.000000000000000000e+00
2.233474619470299238e+00 4.628894856869961494e+00 4.000000000000000000e+00
2.335527074121261926e+00 4.231622842979578358e+00 4.000000000000000000e+00
8.389404993632290086e-01 5.481093579177894526e+00 4.000000000000000000e+00
1.104722406069935214e+00 5.103011719428457660e+00 4.000000000000000000e+00
-1.255750271988928635e+00 4.791489634157226618e+00 4.000000000000000000e+00
3.497738361603819346e-02 3.303122047642360837e+00 4.000000000000000000e+00
-6.262674878525918976e-01 4.508368159570999900e+00 4.000000000000000000e+00
-1.803829758031414154e-01 6.307818999103499635e+00 4.000000000000000000e+00
7.362292647054613504e-01 4.945375365543522861e+00 4.000000000000000000e+00
-1.321010968998263202e+00 5.256119257100812625e+00 4.000000000000000000e+00
-2.367696135280711600e-01 4.556221955561522208e+00 4.000000000000000000e+00
-4.674138631669356725e-01 5.361405302252042482e+00 4.000000000000000000e+00
1.011992051497373035e+00 5.911962112175340955e+00 4.000000000000000000e+00
2.132384759725323153e+00 4.635341363618588062e+00 4.000000000000000000e+00
-1.725310156072660694e+00 3.657107513149858491e+00 4.000000000000000000e+00
-8.166550486309220869e-01 6.207945617688415574e+00 4.000000000000000000e+00
-2.273388657279413472e-01 5.248236864871292262e+00 4.000000000000000000e+00
-1.036514034527475703e+00 4.886777358059015697e+00 4.000000000000000000e+00
1.978806570392152020e-01 4.853286217540086156e+00 4.000000000000000000e+00
-8.144602308470461072e-01 5.465038761547717172e+00 4.000000000000000000e+00
-3.986173967170549004e-02 3.830832910609655251e+00 4.000000000000000000e+00
8.168486559509910983e-01 5.387952347109684403e+00 4.000000000000000000e+00
-8.737798023745196874e-01 5.528686726878659918e+00 4.000000000000000000e+00
-2.035175082809197455e-01 6.376264615820081083e+00 4.000000000000000000e+00
1.284077647866208816e+00 4.657147778044757658e+00 4.000000000000000000e+00
1.239066574488454364e+00 6.196262760427948102e+00 4.000000000000000000e+00
-7.967506407260895873e-01 5.126793393597994353e+00 4.000000000000000000e+00
4.092286798514313539e-01 3.188156717219814418e+00 4.000000000000000000e+00
2.254053483487068910e+00 4.965301268823087533e+00 4.000000000000000000e+00
1.382230694964075468e+00 4.838346073405614511e+00 4.000000000000000000e+00
-5.884705515961724358e-03 5.195713519363097888e+00 4.000000000000000000e+00
7.902174791705796064e-01 3.458928077085910324e+00 4.000000000000000000e+00
5.964092935138678442e-01 6.417305672775871273e+00 4.000000000000000000e+00
-5.410375426656215125e-02 4.891044482767484602e+00 4.000000000000000000e+00
6.659867050461901750e-01 4.465155934617967226e+00 4.000000000000000000e+00
-6.838328260973121075e-01 4.584325705311224297e+00 4.000000000000000000e+00
1.583746543013380581e+00 4.113976248565495375e+00 4.000000000000000000e+00
-7.730841593540221934e-01 5.158271832311410066e+00 4.000000000000000000e+00
-4.027504643518857730e-01 5.425503471918469600e+00 4.000000000000000000e+00
3.486738498734199276e-01 3.729918453866309491e+00 4.000000000000000000e+00
-1.074176251201472559e-01 4.311301049052457479e+00 4.000000000000000000e+00
-9.765375864108066795e-01 4.834459850277752935e+00 4.000000000000000000e+00
-1.498040794211217941e+00 4.106907412105432975e+00 4.000000000000000000e+00
-1.834301232922568747e+00 6.267645713637612914e+00 4.000000000000000000e+00
3.500569772898283638e+00 4.436646219891224874e+00 5.000000000000000000e+00
6.111297639521058755e+00 6.207900067152582579e+00 5.000000000000000000e+00
3.734393093470034231e+00 6.420853005147529657e+00 5.000000000000000000e+00
5.689168481245421738e+00 5.438693971176140174e+00 5.000000000000000000e+00
6.754657295071339718e+00 5.145644278543723971e+00 5.000000000000000000e+00
4.482863072429650764e+00 6.909064643567668362e+00 5.000000000000000000e+00
4.645277867871633326e+00 4.428069138426557139e+00 5.000000000000000000e+00
4.528664913862763264e+00 5.932194690486986666e+00 5.000000000000000000e+00
4.042036065583375581e+00 4.946092736801009693e+00 5.000000000000000000e+00
5.785939208404352385e+00 6.603635797897605464e+00 5.000000000000000000e+00
7.126021418711109945e+00 4.184675114934250040e+00 5.000000000000000000e+00
4.750573227371948093e+00 4.471148308984300712e+00 5.000000000000000000e+00
5.513881704946008711e+00 7.535099678374034937e+00 5.000000000000000000e+00
5.941503011148277835e+00 4.206367451141496794e+00 5.000000000000000000e+00
6.663207382644358745e+00 5.646060028811381137e+00 5.000000000000000000e+00
4.687331724081480466e+00 4.609271209814000514e+00 5.000000000000000000e+00
5.542792315076913390e+00 4.778265082853650370e+00 5.000000000000000000e+00
3.703888744304097536e+00 4.020647482224006808e+00 5.000000000000000000e+00
5.160342938307442395e+00 3.583928793045081385e+00 5.000000000000000000e+00
4.956950741111074699e+00 3.826930248706377213e+00 5.000000000000000000e+00
5.497925084177246013e+00 5.194169244269405183e+00 5.000000000000000000e+00
5.789892289005291737e+00 5.520109183433111966e+00 5.000000000000000000e+00
5.220042855688729944e+00 3.621248708828624263e+00 5.000000000000000000e+00
3.498089866014240101e+00 5.031647815816354452e+00 5.000000000000000000e+00
4.647492037003416954e+00 7.491023483052945409e+00 5.000000000000000000e+00
4.207524846046779565e+00 4.940608896945632544e+00 5.000000000000000000e+00
5.039976301125560276e+00 5.148959588735188220e+00 5.000000000000000000e+00
4.961110767197324023e+00 3.904682772649439748e+00 5.000000000000000000e+00
5.252502083680147038e+00 4.624362600006090673e+00 5.000000000000000000e+00
5.110406576246091959e+00 5.037036262819317045e+00 5.000000000000000000e+00
5.350438414419826927e+00 5.058855006172926494e+00 5.000000000000000000e+00
8.368649820199490108e+00 4.987055508926863112e+00 5.000000000000000000e+00
3.634606185291406888e+00 3.738089337698538461e+00 5.000000000000000000e+00
5.409805735273555349e+00 5.702376204919136882e+00 5.000000000000000000e+00
5.333574180808127174e+00 6.127194448891655654e+00 5.000000000000000000e+00
5.064673710873892176e+00 4.078753110259926373e+00 5.000000000000000000e+00
5.860780707620779850e+00 6.582512866058415568e+00 5.000000000000000000e+00
6.620885010961568895e+00 5.439176250358808140e+00 5.000000000000000000e+00
6.167670609935665738e+00 5.543641324542385895e+00 5.000000000000000000e+00
4.401424629026275959e+00 4.196884799675720146e+00 5.000000000000000000e+00
3.223490903630374049e+00 5.603501408239825565e+00 5.000000000000000000e+00
4.426157127464578345e+00 4.281423509982417386e+00 5.000000000000000000e+00
6.113671159307352276e+00 2.465681295004434226e+00 5.000000000000000000e+00
3.629753121078267419e+00 3.854547255001732342e+00 5.000000000000000000e+00
4.816728835597534619e+00 5.555057516834232878e+00 5.000000000000000000e+00
4.284958893783916700e+00 5.234114899292760192e+00 5.000000000000000000e+00
4.402561350947428842e+00 4.729898737405068943e+00 5.000000000000000000e+00
5.385998527820236248e+00 5.051697118662074715e+00 5.000000000000000000e+00
5.270186613312471735e+00 5.791279675906218394e+00 5.000000000000000000e+00
5.255632944029024145e+00 4.831757399921490226e+00 5.000000000000000000e+00
4.966610859685211210e+00 6.064690510374115995e+00 5.000000000000000000e+00
3.533653050558415387e+00 6.936676549195896158e+00 5.000000000000000000e+00
5.202552496963350315e+00 5.200610029401170564e+00 5.000000000000000000e+00
4.898220552531819649e+00 3.511987678788276668e+00 5.000000000000000000e+00
5.603822115822843841e+00 4.630903639797368854e+00 5.000000000000000000e+00
5.181637612119712522e+00 4.179387828866932608e+00 5.000000000000000000e+00
4.146132410013607661e+00 6.211692280842125768e+00 5.000000000000000000e+00
3.911810925224223467e+00 6.199896956473330611e+00 5.000000000000000000e+00
4.700641241186866992e+00 5.896173945564168406e+00 5.000000000000000000e+00
4.955772641805649137e+00 6.293704850694428643e+00 5.000000000000000000e+00
5.912210342216876136e+00 3.004449758489983857e+00 5.000000000000000000e+00
5.252393978700130361e+00 3.696418827272925256e+00 5.000000000000000000e+00
5.096422129813730884e+00 5.401613106812684251e+00 5.000000000000000000e+00
5.734403491262297869e+00 5.800540996115617354e+00 5.000000000000000000e+00
5.379743425971950543e+00 5.176589274904663363e+00 5.000000000000000000e+00
5.126831333985101047e+00 6.065802753855262353e+00 5.000000000000000000e+00
2.814088799022448573e+00 6.720072344808147413e+00 5.000000000000000000e+00
4.983780879234991801e+00 3.754444440540139372e+00 5.000000000000000000e+00
3.152089103208330023e+00 3.063108385271202216e+00 5.000000000000000000e+00
5.194502198681576921e+00 4.941790743489284488e+00 5.000000000000000000e+00
5.357589817254684306e+00 5.146078348053316986e+00 5.000000000000000000e+00
3.732322140230552421e+00 5.643882949222041034e+00 5.000000000000000000e+00
5.145077627601196468e+00 4.134164945933138213e+00 5.000000000000000000e+00
4.209478218956498097e+00 6.503663140812247612e+00 5.000000000000000000e+00
2.670846258985244415e+00 6.628565226092304918e+00 5.000000000000000000e+00
4.642343460166679314e+00 3.783216635178270781e+00 5.000000000000000000e+00
4.218080769885645509e+00 5.141394487116605738e+00 5.000000000000000000e+00
4.209732522773435015e+00 6.532763506955729937e+00 5.000000000000000000e+00
5.999810721091208165e+00 4.966528030181534881e+00 5.000000000000000000e+00
5.293105203582530116e+00 5.959824346625400615e+00 5.000000000000000000e+00
4.811969276190491307e+00 4.925357409246382545e+00 5.000000000000000000e+00
5.139402143584486105e+00 4.850218177558921262e+00 5.000000000000000000e+00
5.856073178469425322e+00 4.989002515968290474e+00 5.000000000000000000e+00
4.010763096332629729e+00 4.476902218383829180e+00 5.000000000000000000e+00
4.647259496766291242e+00 4.082386810598208626e+00 5.000000000000000000e+00
4.941912390956964884e+00 5.277344932222105101e+00 5.000000000000000000e+00
5.310018558639652220e+00 5.240257629867299372e+00 5.000000000000000000e+00
4.531526143982285149e+00 4.681274098363118696e+00 5.000000000000000000e+00
6.648331227372732855e+00 5.694444791324813515e+00 5.000000000000000000e+00
7.034893061587855101e+00 3.023174452271958579e+00 5.000000000000000000e+00
4.660132186192369907e+00 5.180098120185105515e+00 5.000000000000000000e+00
4.669597794524635859e+00 4.141611710326128737e+00 5.000000000000000000e+00
4.418937640445149917e+00 5.808538687398213440e+00 5.000000000000000000e+00
6.177589819769170987e+00 5.639691559438142932e+00 5.000000000000000000e+00
5.199442546705287604e+00 4.442821537020689604e+00 5.000000000000000000e+00
5.580055549110261026e+00 4.412156745920933432e+00 5.000000000000000000e+00
3.862412286224787827e+00 5.326402351627556264e+00 5.000000000000000000e+00
5.877169433469124904e+00 3.901017705506411026e+00 5.000000000000000000e+00
4.959474171127208564e+00 3.814964612155576695e+00 5.000000000000000000e+00
5.406953394791002232e+00 5.397145595755734604e+00 5.000000000000000000e+00
1.020033821485571579e+01 3.516812124658184491e+00 6.000000000000000000e+00
9.281734910732001964e+00 4.177591595903409782e+00 6.000000000000000000e+00
9.828860361031431125e+00 6.886212811445007631e+00 6.000000000000000000e+00
1.050108486751351933e+01 5.101586228216956620e+00 6.000000000000000000e+00
1.066153787686714871e+01 5.068599690540358971e+00 6.000000000000000000e+00
1.043481601881828880e+01 5.343469079031054392e+00 6.000000000000000000e+00
8.787559299308309591e+00 5.553945847071924291e+00 6.000000000000000000e+00
1.003925453815890023e+01 5.105210716882988109e+00 6.000000000000000000e+00
7.409677460674196858e+00 4.855847544941830130e+00 6.000000000000000000e+00
9.614713173093976550e+00 2.712488478214629684e+00 6.000000000000000000e+00
1.010456420223611396e+01 4.200765814511217222e+00 6.000000000000000000e+00
9.161604658073661867e+00 4.370007302075805455e+00 6.000000000000000000e+00
1.270816708937896067e+01 4.376989821701333661e+00 6.000000000000000000e+00
1.013173910404226241e+01 4.551052594732009737e+00 6.000000000000000000e+00
1.121117310463848149e+01 4.550187954734861151e+00 6.000000000000000000e+00
9.797852222483763640e+00 4.889215202004647765e+00 6.000000000000000000e+00
1.040213890982185774e+01 4.353377460177711988e+00 6.000000000000000000e+00
8.914566902591991138e+00 6.152150671507927271e+00 6.000000000000000000e+00
9.366412206974882082e+00 2.517650559217448070e+00 6.000000000000000000e+00
1.114374537082684569e+01 4.618320792673571873e+00 6.000000000000000000e+00
8.989339219988011109e+00 5.829398341959883822e+00 6.000000000000000000e+00
9.963122704960248655e+00 5.788764695057355247e+00 6.000000000000000000e+00
1.064730864893649098e+01 6.277088507656429783e+00 6.000000000000000000e+00
1.037353420631072609e+01 4.169003323700953167e+00 6.000000000000000000e+00
9.670969769814359296e+00 3.784707845864442533e+00 6.000000000000000000e+00
9.856532641738922962e+00 5.248996190025119191e+00 6.000000000000000000e+00
1.140557810279574902e+01 5.916646693836794313e+00 6.000000000000000000e+00
1.102647642316647314e+01 7.334443565111236296e+00 6.000000000000000000e+00
1.034186849971440658e+01 4.989216560658953803e+00 6.000000000000000000e+00
1.083691830493562058e+01 6.031564977137107597e+00 6.000000000000000000e+00
9.660479317602282734e+00 4.592375464396762474e+00 6.000000000000000000e+00
9.168094746862788469e+00 5.923587509933165407e+00 6.000000000000000000e+00
8.912842332327741701e+00 5.577428174731655197e+00 6.000000000000000000e+00
1.111068870713538992e+01 5.906022874197349282e+00 6.000000000000000000e+00
1.108994794717702348e+01 4.834871370369940635e+00 6.000000000000000000e+00
9.935844391265947095e+00 5.175796252374978756e+00 6.000000000000000000e+00
1.111365213700400822e+01 5.467175140372538600e+00 6.000000000000000000e+00
9.660261673068943011e+00 2.722836448098616025e+00 6.000000000000000000e+00
8.935349795589280220e+00 5.764455675264956724e+00 6.000000000000000000e+00
9.182614684588353171e+00 4.119848219986236515e+00 6.000000000000000000e+00
1.029828859860121959e+01 4.410774509433265322e+00 6.000000000000000000e+00
1.047047614390396930e+01 4.287953215843977262e+00 6.000000000000000000e+00
9.977662570718063506e+00 5.611773750000623728e+00 6.000000000000000000e+00
1.041186885879056234e+01 4.997019069948983372e+00 6.000000000000000000e+00
9.200290551127618954e+00 8.001385826236383281e+00 6.000000000000000000e+00
1.078769572176575586e+01 3.080303325195853148e+00 6.000000000000000000e+00
8.858178830709775298e+00 5.231471025922631135e+00 6.000000000000000000e+00
1.221784720241230815e+01 4.120429764710137555e+00 6.000000000000000000e+00
9.165711655111110190e+00 3.238116991876855977e+00 6.000000000000000000e+00
8.292609925999663290e+00 5.298044877785303974e+00 6.000000000000000000e+00
1.101598436488700017e+01 6.151138014313919378e+00 6.000000000000000000e+00
9.825707070244344976e+00 5.323754360870792013e+00 6.000000000000000000e+00
9.537291867117334121e+00 6.425298094235939672e+00 6.000000000000000000e+00
9.074334833756187990e+00 4.880693954230022058e+00 6.000000000000000000e+00
9.811998241620678129e+00 3.702503043525601001e+00 6.000000000000000000e+00
9.612452066984765509e+00 4.335538252300548123e+00 6.000000000000000000e+00
9.387882125433279157e+00 5.415882326052534168e+00 6.000000000000000000e+00
9.845628949966844345e+00 4.997413595222762517e+00 6.000000000000000000e+00
9.459732564340740169e+00 3.326973962528056994e+00 6.000000000000000000e+00
1.056450900501267931e+01 3.757015502824254227e+00 6.000000000000000000e+00
9.065723440138434341e+00 3.340989413349421788e+00 6.000000000000000000e+00
1.047646438199944896e+01 5.407586117708701678e+00 6.000000000000000000e+00
1.131654862284589846e+01 5.519016911714778040e+00 6.000000000000000000e+00
8.588743273047889204e+00 3.887068975935292769e+00 6.000000000000000000e+00
1.127869758720188642e+01 5.423652788964424154e+00 6.000000000000000000e+00
9.247760523969901669e+00 4.500322486315273984e+00 6.000000000000000000e+00
1.010341833895789065e+01 2.852581981509080489e+00 6.000000000000000000e+00
1.232666936680653436e+01 3.126225759052669417e+00 6.000000000000000000e+00
1.081286483853301839e+01 5.280819371361544334e+00 6.000000000000000000e+00
1.053518139271984211e+01 6.713078435249461684e+00 6.000000000000000000e+00
1.074704154036583859e+01 4.760286006408263049e+00 6.000000000000000000e+00
8.020657456511470329e+00 3.790544384183975435e+00 6.000000000000000000e+00
9.623805570518278785e+00 5.317065141508341419e+00 6.000000000000000000e+00
9.709977037739957240e+00 4.716917119901960831e+00 6.000000000000000000e+00
1.041006914154027108e+01 6.183707089825626113e+00 6.000000000000000000e+00
8.407478051721801293e+00 4.373051238793033590e+00 6.000000000000000000e+00
8.947662029679012363e+00 4.681618702263404153e+00 6.000000000000000000e+00
9.911038157249313585e+00 5.118441675086858211e+00 6.000000000000000000e+00
1.085779736951525898e+01 3.764932659891730982e+00 6.000000000000000000e+00
7.595943606839758111e+00 5.673272000479721910e+00 6.000000000000000000e+00
1.003469400490846120e+01 6.727098614929719389e+00 6.000000000000000000e+00
1.020769907424036838e+01 5.403057107013325755e+00 6.000000000000000000e+00
8.633607681676251033e+00 4.980208884268719771e+00 6.000000000000000000e+00
8.632639113169522815e+00 4.901974418907744102e+00 6.000000000000000000e+00
1.165431809280376818e+01 5.038542014000910285e+00 6.000000000000000000e+00
1.182804848177253909e+01 5.051549917818350721e+00 6.000000000000000000e+00
8.938554571290342921e+00 3.514313820366020025e+00 6.000000000000000000e+00
1.090108394401520897e+01 5.326295704047828927e+00 6.000000000000000000e+00
1.041580701380820173e+01 6.198127825793644519e+00 6.000000000000000000e+00
8.983883480148714185e+00 5.307728285053165074e+00 6.000000000000000000e+00
9.441506924722366634e+00 6.003904482906533779e+00 6.000000000000000000e+00
9.592837487737588376e+00 5.029009622025904847e+00 6.000000000000000000e+00
8.982211189469092361e+00 5.675043706393852361e+00 6.000000000000000000e+00
1.083668835202586855e+01 5.057120478714908884e+00 6.000000000000000000e+00
1.103954448255467113e+01 6.214801603400049501e+00 6.000000000000000000e+00
9.547566662695039952e+00 5.326031204264028318e+00 6.000000000000000000e+00
1.135446285126118582e+01 6.273097987796459662e+00 6.000000000000000000e+00
1.007561527631607845e+01 5.073285673189015021e+00 6.000000000000000000e+00
9.763221348219609297e+00 5.469991656859942708e+00 6.000000000000000000e+00
8.741641211383550214e+00 4.417461666481238503e+00 6.000000000000000000e+00
1.587336663390508917e+01 4.599874191609221619e+00 7.000000000000000000e+00
1.715765921278964967e+01 4.123737140520083777e+00 7.000000000000000000e+00
1.586393293197592769e+01 3.440347366766763670e+00 7.000000000000000000e+00
1.487419725412178551e+01 4.648143213553662889e+00 7.000000000000000000e+00
1.509147958646972931e+01 5.553589645620221837e+00 7.000000000000000000e+00
1.361669427408186905e+01 5.655528168689390789e+00 7.000000000000000000e+00
1.485404823144966358e+01 4.449512281957890281e+00 7.000000000000000000e+00
1.451350283547351872e+01 3.145091372990390433e+00 7.000000000000000000e+00
1.379233495850065516e+01 5.905718593151645379e+00 7.000000000000000000e+00
1.508581501542707137e+01 5.249226989472891347e+00 7.000000000000000000e+00
1.537607824284629032e+01 4.649344056389148605e+00 7.000000000000000000e+00
1.416439947975926650e+01 7.089935943906984228e+00 7.000000000000000000e+00
1.554447163059522019e+01 5.402767193815189550e+00 7.000000000000000000e+00
1.658176557916904059e+01 5.684162916482508265e+00 7.000000000000000000e+00
1.534919045824137740e+01 3.868245954564464295e+00 7.000000000000000000e+00
1.451772794380701548e+01 5.816248814139475698e+00 7.000000000000000000e+00
1.486617389608465345e+01 3.902576982586790422e+00 7.000000000000000000e+00
1.596702103844439868e+01 4.850582119680744597e+00 7.000000000000000000e+00
1.501937881617007697e+01 5.594770990792358845e+00 7.000000000000000000e+00
1.416626441339268538e+01 3.964550046678569029e+00 7.000000000000000000e+00
1.528458179759609514e+01 4.942242213228633219e+00 7.000000000000000000e+00
1.401738548829941244e+01 5.769823128634856246e+00 7.000000000000000000e+00
1.557085507326987006e+01 5.660111817689728042e+00 7.000000000000000000e+00
1.566009729868957479e+01 4.523360321048792265e+00 7.000000000000000000e+00
1.460210533253033738e+01 3.614555614220224200e+00 7.000000000000000000e+00
1.555826361101694033e+01 3.915204755960669303e+00 7.000000000000000000e+00
1.611790038800699776e+01 4.447476789660375296e+00 7.000000000000000000e+00
1.456980035017598318e+01 3.246964815742078958e+00 7.000000000000000000e+00
1.495253607287866338e+01 5.033959718885641976e+00 7.000000000000000000e+00
1.705065828732101352e+01 6.438572528024766761e+00 7.000000000000000000e+00
1.486628957356059999e+01 3.380164011518479228e+00 7.000000000000000000e+00
1.649164673873750075e+01 5.194474668467320200e+00 7.000000000000000000e+00
1.532974661622985124e+01 7.149697091208132349e+00 7.000000000000000000e+00
1.515193210182434136e+01 4.675933101052532237e+00 7.000000000000000000e+00
1.661123328876148264e+01 4.029953212264389073e+00 7.000000000000000000e+00
1.457483265598403577e+01 4.971928719033235744e+00 7.000000000000000000e+00
1.481702417412780193e+01 6.079091785024255401e+00 7.000000000000000000e+00
1.423308914050137020e+01 4.511290762338952653e+00 7.000000000000000000e+00
1.463751682575330904e+01 5.836942112304025265e+00 7.000000000000000000e+00
1.474544947601447653e+01 6.099086428260143578e+00 7.000000000000000000e+00
1.448019315891697723e+01 5.201094521649392455e+00 7.000000000000000000e+00
1.716760160226998977e+01 5.408193362602275123e+00 7.000000000000000000e+00
1.577121461122171198e+01 5.967991405232226931e+00 7.000000000000000000e+00
1.495836524834562553e+01 5.039700790120036800e+00 7.000000000000000000e+00
1.286420593547453350e+01 4.578765877640033288e+00 7.000000000000000000e+00
1.433550274495592980e+01 6.005748729370925076e+00 7.000000000000000000e+00
1.491994688902807908e+01 4.680395734871083846e+00 7.000000000000000000e+00
1.438260810077058949e+01 4.242689822129086075e+00 7.000000000000000000e+00
1.546837844806852402e+01 5.518061469888152715e+00 7.000000000000000000e+00
1.595819382030681588e+01 5.471296618424625002e+00 7.000000000000000000e+00
1.412785419364801776e+01 5.262189973845448066e+00 7.000000000000000000e+00
1.432639925888693355e+01 5.697416005127838190e+00 7.000000000000000000e+00
1.611373434483067868e+01 6.481141019135376879e+00 7.000000000000000000e+00
1.423343600880166271e+01 5.836765832812252697e+00 7.000000000000000000e+00
1.387704491146405772e+01 5.092517338893489232e+00 7.000000000000000000e+00
1.495695663168650036e+01 5.133356236510386417e+00 7.000000000000000000e+00
1.508672417509613872e+01 4.623087333802497589e+00 7.000000000000000000e+00
1.610541157125762624e+01 4.245703086385148595e+00 7.000000000000000000e+00
1.526957484218828931e+01 2.320189050406125997e+00 7.000000000000000000e+00
1.600752034564199988e+01 4.427162107100414801e+00 7.000000000000000000e+00
1.305211073986447090e+01 4.579870202191394846e+00 7.000000000000000000e+00
1.348426270333870391e+01 5.618124139462702615e+00 7.000000000000000000e+00
1.674067323582697142e+01 5.938319347296062034e+00 7.000000000000000000e+00
1.720894887968840337e+01 4.360174421188292015e+00 7.000000000000000000e+00
1.350411533193779867e+01 5.778211221014860399e+00 7.000000000000000000e+00
1.531508276538331259e+01 4.294754972044130703e+00 7.000000000000000000e+00
1.397794664065990489e+01 5.747501907577886371e+00 7.000000000000000000e+00
1.508752113104496040e+01 4.258966486106476879e+00 7.000000000000000000e+00
1.556300396975072609e+01 3.865906363493466280e+00 7.000000000000000000e+00
1.466678581628428191e+01 5.045298807624742032e+00 7.000000000000000000e+00
1.725724216869922500e+01 5.265195690761354186e+00 7.000000000000000000e+00
1.489108503017586926e+01 5.921914775288059651e+00 7.000000000000000000e+00
1.734405017800408189e+01 5.388804263791961979e+00 7.000000000000000000e+00
1.468710498739359416e+01 4.719977427018869243e+00 7.000000000000000000e+00
1.554428507177292218e+01 6.964182364067555753e+00 7.000000000000000000e+00
1.329282091684076406e+01 4.786603883038718976e+00 7.000000000000000000e+00
1.675089299991832092e+01 4.426937372517908642e+00 7.000000000000000000e+00
1.403758488998168019e+01 5.252967074890936949e+00 7.000000000000000000e+00
1.522918790184918691e+01 4.257238306290324736e+00 7.000000000000000000e+00
1.701135658296838926e+01 7.059660873129418590e+00 7.000000000000000000e+00
1.425644058754539500e+01 6.128315194528179077e+00 7.000000000000000000e+00
1.539103929393014525e+01 5.890292112877287600e+00 7.000000000000000000e+00
1.509690227874392221e+01 5.557957899355226772e+00 7.000000000000000000e+00
1.648567294865786437e+01 4.072685410402744566e+00 7.000000000000000000e+00
1.578005946887475197e+01 5.874254029112504938e+00 7.000000000000000000e+00
1.443264923195109084e+01 5.222834562048142892e+00 7.000000000000000000e+00
1.491393321106498959e+01 5.086753387118060132e+00 7.000000000000000000e+00
1.536635642019733083e+01 6.696543717021575581e+00 7.000000000000000000e+00
1.445916268072513233e+01 5.163854949336233346e+00 7.000000000000000000e+00
1.551852715868974997e+01 6.074793164231706122e+00 7.000000000000000000e+00
1.447446348809270411e+01 3.503886122252643176e+00 7.000000000000000000e+00
1.733297290277227276e+01 5.697708455582727538e+00 7.000000000000000000e+00
1.481708840143633310e+01 4.598989083922145227e+00 7.000000000000000000e+00
1.474752222142205937e+01 4.946634151081179986e+00 7.000000000000000000e+00
1.364546305196477682e+01 6.326245908888526337e+00 7.000000000000000000e+00
1.485812512783885708e+01 5.909161510664904249e+00 7.000000000000000000e+00
1.429093953288015229e+01 4.875428783662641763e+00 7.000000000000000000e+00
1.555060369052027980e+01 5.483111920492924618e+00 7.000000000000000000e+00
1.484404812303471033e+01 6.384724400609532502e+00 7.000000000000000000e+00
1.493542803613955527e+01 6.019990265748624836e+00 7.000000000000000000e+00
